time stamp, twistx, twisty, twistz, omega_l, omega_r, omega_m, omega_l, omega_r, omega_m, roll, pitch, yaw, accl_x, accl_y, accl_z, dis_m, dis_r, dis_l, str_m, str_r, str_l
0.0100965, -0,-0,-0, 0,0,0,0,0,0, 0.120602,0.443837,-1.5893,-4.49145,0.961052,8.52198,23,1254,183,1897,433,474
0.0203578, -0,-0,-0, 0,0,0,0,0,0, 0.122173,0.443663,-1.59122,-4.10899,1.30428,8.20817,24,1256,177,1899,408,516
0.0301225, -0,-0,-0, 0,0,0,0,0,0, 0.123918,0.443314,-1.59349,-4.17763,1.1866,7.48247,24,1258,174,1897,350,535
0.0401206, -0,-0,-0, 0,0,0,0,0,0, 0.126187,0.442266,-1.59558,-4.06976,1.38274,7.78648,24,1257,171,1901,309,547
0.050164, -0,-0,-0, 0,0,0,0,0,0, 0.131598,0.438776,-1.60012,-4.17763,1.38274,9.40458,25,1256,167,1884,258,556
0.0601006, -0,-0,-0, 0.314159,0,0,0.314159,0,0, 0.135088,0.436507,-1.60274,-4.41299,1.34351,9.89491,25,1257,163,1885,227,575
0.0700946, -0,-0,-0, 0.314159,0,0,0.314159,0,0, 0.138928,0.433889,-1.60553,-4.41299,1.10815,9.35554,24,1258,157,1881,168,586
0.0800867, -0,-0,-0, 0.314159,0,0,0.314159,0,0, 0.143292,0.430747,-1.60867,-4.49145,1.14738,8.56121,25,1259,152,1844,156,612
0.0900939, -0,-0,-0, 0.314159,0,0,0.314159,0,0, 0.143292,0.430747,-1.60867,-4.49145,1.14738,8.56121,25,1259,152,1844,156,612
0.100624, -0,-0,-0, 0.314159,0,0,0.314159,0,0, 0.148353,0.427431,-1.61216,-4.37377,1.00028,8.09049,27,1259,144,1840,127,625
0.110145, -0,-0,-0, 0.314159,0,0,0.314159,0,0, 0.153763,0.42394,-1.616,-4.49145,1.14738,8.51217,27,1260,139,1842,130,654
0.120152, -0,-0,-0, 0,0,0,0,0,0, 0.159872,0.420101,-1.62019,-4.49145,1.26506,8.81618,28,1261,126,1850,134,773
0.130372, -0,-0,-0, 0.314159,0,0,0.314159,0,0, 0.16633,0.416086,-1.62473,-4.29531,1.22583,9.2869,28,1262,120,1841,127,849
0.140109, -0,-0,-0, 0.314159,0,0,0.314159,0,0, 0.173137,0.411723,-1.62944,-4.03053,1.46119,9.738,28,1265,113,1819,132,964
0.151666, -0,-0,-0, 0.314159,-0.314159,0,0.314159,-0.314159,0, 0.180293,0.407185,-1.63433,-3.95208,1.42196,9.1398,29,1266,107,1800,142,1094
0.160126, -0,-0,-0, 0.314159,0,0,0.314159,0,0, 0.195128,0.397761,-1.64393,-3.75595,1.49061,8.24739,29,1269,101,1775,161,1252
0.1701, -0,-0,-0, 0.314159,0,0,0.314159,0,0, 0.202982,0.392874,-1.64881,-3.8344,1.68674,8.01203,32,1273,97,1779,170,1414
0.180108, -0,-0,-0, 0.314159,0,0,0.314159,0,0, 0.210661,0.387463,-1.65352,-3.72653,1.7652,8.90444,34,1277,93,1771,175,1556
0.190076, -0,-0,-0, 0,0,0,0,0,0, 0.218166,0.382227,-1.65789,-3.53039,1.7652,9.17902,36,1282,89,1729,191,1744
0.200176, -0,-0,-0, 0.314159,0,0,0.314159,0,0, 0.218166,0.382227,-1.65789,-3.53039,1.7652,9.17902,36,1282,89,1729,191,1744
0.210146, -0,-0,-0, 0,0,0,0,0,0, 0.225846,0.377166,-1.66243,-3.34407,1.9123,9.434,36,1286,85,1692,167,1913
0.220153, -0,-0,-0, 0,0,0,0,0,0, 0.233525,0.37193,-1.66679,-3.10871,2.18688,9.63013,36,1287,79,1662,162,2304
0.23009, -0,-0,-0, 0,0,0,0,0,0, 0.241204,0.367392,-1.67115,-3.10871,2.37321,9.31632,38,1288,76,1643,133,2507
0.240098, -0,-0,-0, 0,0,0,0,0,0, 0.248884,0.363203,-1.67534,-3.26561,2.6478,8.86521,40,0,72,1627,88,2711
0.251224, -0,-0,-0, 0,0,0,0,0,0, 0.256389,0.359189,-1.67953,-2.96161,2.60857,8.94367,40,0,70,1620,76,2947
0.260097, -0,-0,-0, 0,0,0,0,0,0, 0.263719,0.355698,-1.68372,-2.76548,2.87335,9.24767,40,0,68,1620,56,3199
0.270104, -0,-0,-0, 0,0,0,0,0,0, 0.270701,0.352382,-1.68756,-2.18688,3.03025,9.27709,42,0,66,1610,55,3431
0.280155, -0,-0,-0, 0,0,0,0,0,0, 0.283441,0.346273,-1.69437,-2.38302,2.60857,9.16922,44,0,65,1588,50,3575
0.29009, -0,-0,-0, 0,0,0,0,0,0, 0.289201,0.344353,-1.69751,-2.26534,2.91258,7.82571,44,0,64,1567,48,3700
0.300153, -0,-0,-0, 0,0,0,0,0,0, 0.289201,0.344353,-1.69751,-2.26534,2.91258,7.82571,44,0,64,1567,48,3700
0.310071, -0,-0,-0, 0,0,0,0,0,0, 0.294088,0.342608,-1.70013,-2.5007,3.13813,6.98234,45,0,62,1556,52,3803
0.32016, -0,-0,-0, 0,0,0,0,0,0, 0.298451,0.341037,-1.70222,-2.34379,2.87335,7.28634,45,0,60,1545,52,3944
0.330083, -0,-0,-0, 0,0,0,0,0,0, 0.302291,0.339816,-1.70396,-2.00056,3.41271,8.5514,46,0,59,1547,52,4046
0.34024, -0,-0,-0, 0,0,0,0,0,0, 0.305607,0.338768,-1.70519,-2.03978,3.13813,8.81618,46,0,58,1533,59,4141
0.350368, -0,-0,-0, 0,0,0,0,0,0, 0.3084,0.337896,-1.70588,-2.5007,2.87335,9.48303,46,0,58,1532,57,4212
0.36009, -0,-0,-0, 0,0,0,0,0,0, 0.310669,0.337547,-1.70641,-2.8047,3.0989,8.36507,45,0,58,1527,51,4259
0.370107, -0,-0,-0, 0,0.314159,0,0,0.314159,0, 0.312239,0.337372,-1.70676,-2.8047,3.06948,7.59035,46,0,58,1518,63,4284
0.3801, -0,-0,-0, 0,0,0,0,0,0, 0.313287,0.337372,-1.70658,-2.92238,2.87335,7.59035,45,0,58,1528,57,4307
0.390082, -0,-0,-0, 0,0,0,0,0,0, 0.314334,0.33807,-1.70623,-2.96161,3.13813,8.78676,46,0,57,1526,56,4314
0.400876, -0,-0,-0, 0,0,0,0,0,0, 0.314334,0.33807,-1.70623,-2.96161,3.13813,8.78676,46,0,57,1526,56,4314
0.410091, -0,-0,-0, 0,0,0,0,0,0, 0.314334,0.339467,-1.70519,-3.14793,3.06948,9.23786,46,0,58,1542,63,4262
0.420116, -0,-0,-0, 0,0,0,0,0,0, 0.314334,0.339467,-1.70519,-3.14793,3.06948,9.23786,46,0,58,1542,63,4262
0.430308, -0,-0,-0, 0,0,0,0,0,0, 0.313985,0.340514,-1.70466,-3.41271,3.06948,9.05154,45,0,58,1545,59,4231
0.440125, -0,-0,-0, 0,0,0,0,0,0, 0.313112,0.341735,-1.70414,-3.30484,3.0989,8.16894,45,0,58,1557,61,4188
0.452385, -0,-0,-0, 0,0,0.314159,0,0,0.314159, 0.312065,0.342957,-1.70344,-3.22639,2.83412,8.39449,45,0,58,1570,56,4142
0.46015, -0,-0,-0, 0,0,0,0,0,0, 0.311018,0.344353,-1.70274,-3.41271,2.87335,8.44353,45,0,59,1575,58,4097
0.470137, -0,-0,-0, 0,0,0,0,0,0, 0.309796,0.346099,-1.70222,-3.03025,3.06948,8.43372,45,0,59,1588,67,4051
0.480111, -0,-0,-0, 0,0,0,0,0,0, 0.308574,0.34767,-1.70152,-2.88316,3.25581,8.43372,44,0,59,1597,58,4011
0.490151, -0,-0,-0, 0,0,0,0,0,0, 0.307702,0.349066,-1.70065,-2.84393,3.45194,8.70831,43,0,59,1636,59,3974
0.50186, -0,-0,-0, 0,0,0,0,0,0, 0.305607,0.351509,-1.69838,-3.26561,3.03025,8.77695,43,0,60,1642,49,3946
0.510108, -0,-0,-0, 0.314159,0,0,0.314159,0,0, 0.304734,0.352731,-1.69716,-3.22639,3.0989,8.09049,43,0,60,1658,55,3901
0.520121, -0,-0,-0, 0.314159,0,0,0.314159,0,0, 0.304036,0.353953,-1.69576,-3.06948,3.33426,7.78648,42,0,61,1668,60,3888
0.530536, -0,-0,-0, 0,0,0,0,0,0, 0.304036,0.353953,-1.69576,-3.06948,3.33426,7.78648,42,0,61,1668,60,3888
0.540138, -0,-0,-0, 0,0,0,0,0,0, 0.302989,0.354651,-1.69402,-3.18716,3.06948,8.05126,43,0,61,1668,51,3879
0.550302, -0,-0,-0, 0,0,0,0,0,0, 0.302291,0.355524,-1.69227,-3.45194,2.9518,8.5514,43,0,61,1675,58,3876
0.560131, -0,-0,-0, 0,0,0,0,0,0, 0.301767,0.356222,-1.69035,-3.10871,3.25581,8.24739,42,0,61,1678,49,3870
0.570295, -0,-0,-0, 0,0,0,0,0,0, 0.301244,0.356571,-1.68843,-3.18716,3.0989,8.66908,42,0,61,1671,50,3867
0.580135, -0,-0,-0, 0,0,0,0,0,0, 0.300895,0.35692,-1.68651,-3.64807,2.9518,8.74753,42,0,62,1668,57,3861
0.59009, -0,-0,-0, 0,0,0,0,0,0, 0.30072,0.357269,-1.68442,-3.45194,2.99103,8.28662,43,0,62,1651,57,3848
0.600176, -0,-0,-0, 0,0,0,0,0,0, 0.300371,0.357443,-1.6825,-3.22639,2.9518,8.32585,43,0,61,1647,48,3853
0.610082, -0,-0,-0, 0,0,0,0,0,0, 0.300371,0.357094,-1.67831,-3.41271,2.71644,8.90444,42,0,61,1643,56,3871
0.620087, -0,-0,-0, 0,0,0,0,0,0, 0.300371,0.35692,-1.67621,-3.26561,2.67722,8.70831,42,0,62,1650,57,3871
0.63009, -0,-0,-0, 0,0,0,0,0,0, 0.30072,0.356745,-1.67412,-3.06948,3.03025,8.36507,42,0,61,1652,52,3878
0.640119, -0,-0,-0, 0,0,0,0,0,0, 0.30072,0.356745,-1.67412,-3.06948,3.03025,8.36507,42,0,61,1652,52,3878
0.651249, -0,-0,-0, 0,0,0,0,0,0, 0.301069,0.356222,-1.67203,-3.10871,2.99103,8.01203,42,0,61,1654,55,3897
0.660064, -0,-0,-0, 0,0,0,0,0,0, 0.301418,0.355698,-1.67011,-3.26561,2.71644,8.66908,43,0,61,1657,43,3911
0.670101, -0,-0,-0, 0,0,0,0,0,0, 0.301942,0.355175,-1.66836,-3.34407,2.9518,8.59063,42,0,61,1654,52,3940
0.680285, -0,-0,-0, 0,0,0,0,0,0, 0.302466,0.354651,-1.66661,-3.18716,2.7949,8.70831,43,0,61,1663,61,3973
0.690083, -0,-0,-0, 0,0,0,0,0,0, 0.303164,0.354127,-1.66487,-3.06948,3.03025,8.86521,42,0,60,1666,49,4013
0.700244, -0,-0,-0, 0,0,0,0,0,0, 0.303687,0.353778,-1.66312,-3.18716,2.91258,8.44353,43,0,60,1667,61,4047
0.710101, -0,-0,-0, 0,0,0,0,0,0, 0.30456,0.353255,-1.66138,-2.96161,3.06948,8.47295,43,0,59,1665,54,4138
0.720076, -0,-0,-0, 0,0,0,0,0,0, 0.306305,0.351858,-1.65806,-3.64807,2.83412,8.78676,43,0,59,1661,54,4190
0.730111, -0,-0,-0, 0,0,0,0,0,0, 0.307003,0.350986,-1.65632,-3.6873,2.71644,8.8554,43,0,59,1654,61,4215
0.740071, -0,-0,-0, 0,0,0,0,0,0, 0.307527,0.350113,-1.6551,-3.91285,2.56934,9.02212,43,0,59,1646,52,4247
0.750124, -0,-0,-0, 0,0,0,0,0,0, 0.307527,0.350113,-1.6551,-3.91285,2.56934,9.02212,43,0,59,1646,52,4247
0.760136, -0,-0,-0, 0,0,0.314159,0,0,0.314159, 0.308225,0.349066,-1.65422,-3.95208,2.45166,9.16922,44,0,59,1643,61,4270
0.770167, -0,-0,-0, 0,0,0.314159,0,0,0.314159, 0.308574,0.348368,-1.6537,-3.72653,2.33398,8.89463,44,0,59,1645,62,4292
0.780108, -0,-0,-0, 0,0,0,0,0,0, 0.309098,0.347844,-1.6537,-3.6873,2.29476,8.48275,44,0,59,1640,68,4301
0.79015, -0,-0,-0, 0,0,0,0,0,0, 0.309796,0.347495,-1.65405,-3.6873,2.26534,8.28662,44,0,59,1641,57,4305
0.800443, -0,-0,-0, 0,0,0,0,0,0, 0.310494,0.346971,-1.65492,-3.72653,2.33398,8.28662,44,0,59,1646,64,4308
0.810112, -0,-0,-0, 0,0,0,0,0,0, 0.311192,0.346622,-1.65614,-3.6873,2.45166,8.36507,44,0,58,1645,61,4319
0.820003, -0,-0,-0, 0,0,0,0,0,0, 0.31189,0.346273,-1.65754,-3.10871,2.91258,8.12971,44,0,58,1645,61,4333
0.830104, -0,-0,-0, 0,0,0,0,0,0, 0.313636,0.344528,-1.66068,-3.14793,2.83412,9.06135,45,0,58,1645,59,4355
0.840079, -0,-0,-0, 0,0,0,0,0,0, 0.314857,0.343481,-1.66225,-3.26561,2.71644,8.86521,45,0,58,1641,63,4383
0.85023, -0,-0,-0, 0,0,0,0,0,0, 0.314857,0.343481,-1.66225,-3.26561,2.71644,8.86521,45,0,58,1641,63,4383
0.860109, -0,-0,-0, 0.314159,0,0,0.314159,0,0, 0.316254,0.342259,-1.664,-3.14793,2.7949,8.24739,45,0,57,1630,64,4423
0.870203, -0,-0,-0, 0,0,0,0,0,0, 0.317999,0.340863,-1.66592,-3.10871,2.75567,8.32585,45,0,57,1623,73,4467
0.880216, -0,-0,-0, 0,0,0,0,0,0, 0.31957,0.339292,-1.66784,-3.18716,2.9518,9.02212,45,0,56,1611,75,4526
0.890122, -0,-0,-0, 0.314159,0,0,0.314159,0,0, 0.321315,0.337547,-1.66976,-3.06948,2.71644,9.20844,46,0,56,1589,73,4591
0.900521, -0,-0,-0, 0.314159,0,0,0.314159,0,0, 0.323235,0.335801,-1.67203,-3.10871,3.03025,9.47322,48,0,55,1558,68,4651
0.910114, -0,-0,-0, 0,0,0,0,0,0, 0.325329,0.334056,-1.67412,-2.88316,2.9518,8.81618,47,0,55,1535,75,4779
0.920091, -0,-0,-0, 0,0,0,0,0,0, 0.327424,0.332136,-1.67639,-3.06948,2.83412,8.32585,48,0,54,1520,71,4855
0.930093, -0,-0,-0, 0,0,0,0,0,0, 0.329693,0.330216,-1.67866,-3.06948,2.99103,7.97281,48,0,54,1500,76,4566
0.940118, -0,-0,-0, 0,0.314159,0,0,0.314159,0, 0.334231,0.325853,-1.68302,-2.96161,3.06948,8.62985,49,0,54,1480,76,1591
0.950905, -0,-0,-0, 0,0.314159,0,0,0.314159,0, 0.334231,0.325853,-1.68302,-2.96161,3.06948,8.62985,49,0,54,1480,76,1591
0.960117, -0,-0,-0, 0,0,0,0,0,0, 0.338768,0.32149,-1.68704,-2.96161,3.17735,9.09076,50,0,53,1458,76,1351
0.970151, -0,-0,-0, 0,0,0,0,0,0, 0.338768,0.32149,-1.68704,-2.96161,3.17735,9.09076,50,0,53,1458,76,1351
0.980173, -0,-0,-0, 0,0,0,0,0,0, 0.341037,0.319395,-1.68896,-2.76548,3.49117,8.63966,50,0,53,1443,76,1377
0.990117, -0,-0,-0, -0.314159,0,-0.314159,-0.314159,0,-0.314159, 0.343306,0.317301,-1.6907,-2.53992,3.56962,8.52198,51,0,52,1428,80,1405
1.00133, -0,-0,-0, 0,0,0,0,0,0, 0.345575,0.315032,-1.69227,-2.84393,3.45194,9.01231,52,0,51,1401,76,1430
1.01023, -0,-0,-0, 0,0,0,0,0,0, 0.34767,0.313112,-1.69384,-2.92238,3.17735,8.97309,51,0,51,1389,94,1500
1.0201, -0,-0,-0, 0,0,0,0,0,0, 0.349764,0.311541,-1.69524,-2.8047,3.45194,8.52198,52,0,50,1369,91,1520
1.03015, -0,-0,-0, 0,0,0,0,0,0, 0.351858,0.30997,-1.69663,-2.60857,3.53039,8.16894,52,0,50,1346,87,1537
1.04009, -0,-0,-0, 0,0,0,0,0,0, 0.353778,0.3084,-1.69803,-2.72625,3.63827,8.59063,52,0,50,1342,91,1546
1.0501, -0,-0,-0, 0,0,0,0,0,0, 0.357094,0.305607,-1.69995,-2.22611,3.87363,9.19864,52,0,50,1342,91,1546
1.06014, -0,-0,-0, 0,0,0,0,0,0, 0.358665,0.304385,-1.70065,-2.18688,3.8344,9.05154,53,0,50,1313,97,1575
1.07009, -0,-0,-0, 0,0,0,0,0,0, 0.360061,0.303164,-1.701,-2.72625,3.53039,9.01231,53,0,49,1298,91,1590
1.08016, -0,-0,-0, 0,0,0,0,0,0, 0.360061,0.303164,-1.701,-2.72625,3.53039,9.01231,53,0,49,1298,91,1590
1.0901, -0,-0,-0, 0,0,0,0,0,0, 0.361283,0.302291,-1.70117,-2.68702,3.33426,8.52198,53,0,49,1290,96,1595
1.10018, -0,-0,-0, 0,0,0,0,0,0, 0.36233,0.301593,-1.70117,-2.68702,3.67749,8.01203,54,0,49,1282,98,1591
1.11013, -0,-0,-0, 0,0,-0.314159,0,0,-0.314159, 0.363203,0.301069,-1.70117,-2.53992,3.49117,8.12971,54,0,49,1287,93,1605
1.12012, -0,-0,-0, 0,0,-0.314159,0,0,-0.314159, 0.363901,0.30072,-1.701,-2.56934,3.87363,9.01231,54,0,48,1280,93,1613
1.13244, -0,-0,-0, 0,0,0,0,0,0, 0.36425,0.30072,-1.70047,-2.38302,3.79517,8.89463,54,0,48,1292,90,1610
1.1401, -0,-0,-0, 0,0,0,0,0,0, 0.364599,0.300546,-1.69978,-2.22611,3.67749,9.40458,54,0,48,1296,100,1605
1.15016, -0,-0,-0, 0,0,0,0,0,0, 0.364774,0.30072,-1.6989,-2.38302,3.71672,8.93386,54,0,48,1295,101,1606
1.16012, -0,-0,-0, 0,0,0,0,0,0, 0.364599,0.301767,-1.69646,-2.46147,3.53039,7.86493,54,0,48,1310,96,1606
1.17013, -0,-0,-0, 0,0,0,0,0,0, 0.36425,0.302466,-1.69489,-2.46147,3.79517,8.24739,54,1105,48,1307,105,1593
1.18017, -0,-0,-0, 0,0,0,0,0,0, 0.363901,0.303164,-1.69297,-2.26534,3.53039,9.05154,53,0,49,1318,99,1589
1.19007, -0,-0,-0, 0,0,0,0,0,0, 0.363901,0.303164,-1.69297,-2.26534,3.53039,9.05154,53,0,49,1318,99,1589
1.20084, -0,-0,-0, 0,0,0,0,0,0, 0.363378,0.304036,-1.69087,-2.53992,3.71672,9.39477,53,0,49,1308,100,1568
1.2101, -0,-0,-0, 0,0,0,0,0,0, 0.362679,0.305258,-1.68861,-2.42224,3.75595,8.32585,53,0,49,1300,98,1546
1.22014, -0,-0,-0, 0,0,0,0,0,0, 0.361981,0.30648,-1.68634,-2.53992,3.79517,8.36507,53,0,49,1294,92,1532
1.23018, -0,-0,-0, 0,0,0,0,0,0, 0.360934,0.307876,-1.68372,-2.68702,3.21658,8.16894,52,0,49,1296,99,1523
1.24011, -0,-0,-0, 0,0,0,0,0,0, 0.359538,0.309447,-1.6811,-2.88316,3.33426,8.28662,52,0,50,1308,88,1516
1.25015, -0,-0,-0, 0,0,0,0,0,0, 0.358142,0.311192,-1.67848,-2.46147,3.56962,8.52198,52,0,50,1338,92,1511
1.26011, -0,-0,-0, 0,0,0.314159,0,0,0.314159, 0.356571,0.312938,-1.67569,-2.56934,3.33426,9.05154,51,0,50,1393,92,1503
1.27013, -0,-0,-0, 0,0,0,0,0,0, 0.352906,0.317126,-1.66993,-2.8047,3.33426,8.59063,50,0,50,1425,94,1487
1.28015, -0,-0,-0, 0,0,0,0,0,0, 0.350986,0.319395,-1.66679,-2.68702,3.33426,7.90416,50,0,51,1443,87,1477
1.29005, -0,-0,-0, 0,0,0,0,0,0, 0.348891,0.321664,-1.66365,-2.76548,3.21658,8.12971,49,0,51,1465,83,1461
1.30181, -0,-0,-0, 0,0,0,0,0,0, 0.348891,0.321664,-1.66365,-2.76548,3.21658,8.12971,49,0,51,1465,83,1461
1.31016, -0,-0,-0, 0,0,0,0,0,0, 0.346797,0.324108,-1.66051,-2.88316,3.29503,8.24739,49,0,52,1480,85,1435
1.3201, -0,-0,-0, 0,-0.314159,0,0,-0.314159,0, 0.344703,0.326551,-1.65719,-3.30484,3.25581,8.66908,48,0,52,1485,73,1418
1.33015, -0,-0,-0, 0,-0.314159,0,0,-0.314159,0, 0.342434,0.32882,-1.65405,-3.60885,3.21658,9.05154,48,0,53,1501,80,1384
1.34033, -0,-0,-0, 0,0,0,0,0,0, 0.339816,0.330914,-1.65073,-3.95208,2.83412,9.31632,47,0,54,1521,79,1358
1.35134, -0,-0,-0, 0,0,0,0,0,0, 0.336849,0.333009,-1.64794,-3.91285,2.9518,9.48303,47,0,54,1528,76,1324
1.36012, -0,-0,-0, 0,0,0,0,0,0, 0.333881,0.335278,-1.64515,-3.64807,2.56934,9.48303,46,0,55,1543,74,1297
1.37025, -0,-0,-0, 0,0,0,0,0,0, 0.331089,0.337721,-1.64288,-3.6873,2.6478,9.16922,45,0,55,1551,74,1273
1.38021, -0,-0,-0, 0,0,0,0,0,0, 0.328471,0.340339,-1.64096,-3.6873,2.49089,8.36507,45,0,56,1558,70,1244
1.39008, -0,-0,-0, 0,0,0,0,0,0, 0.323409,0.345575,-1.63747,-3.41271,2.91258,7.28634,45,0,57,1560,62,1215
1.40026, -0,-0,-0, 0,0,0,0,0,0, 0.323409,0.345575,-1.63747,-3.41271,2.91258,7.28634,45,0,57,1560,62,1215
1.41017, -0,-0,-0, 0,0,0,0,0,0, 0.321141,0.34767,-1.6359,-3.56962,2.75567,7.90416,44,0,57,1564,66,3608
1.42017, -0,-0,-0, 0,0,0,0,0,0, 0.319046,0.349415,-1.63433,-3.72653,2.60857,8.74753,44,0,58,1559,66,4453
1.43027, -0,-0,-0, 0,0,0,0,0,0, 0.317126,0.351335,-1.6331,-3.8344,2.60857,9.1398,44,0,58,1551,68,4450
1.44009, -0,-0,-0, 0,0,0,0,0,0, 0.315381,0.35308,-1.63188,-3.79517,2.6478,8.77695,43,0,59,1549,57,4380
1.45024, -0,-0,-0, 0,0,0,0,0,0, 0.313636,0.354651,-1.63084,-3.75595,2.83412,8.36507,43,0,59,1543,55,4310
1.4601, -0,-0,-0, 0,0,0,0,0,0, 0.312065,0.356047,-1.62996,-3.75595,2.75567,8.09049,42,0,59,1536,63,4256
1.47008, -0,-0,-0, 0,-0.314159,0,0,-0.314159,0, 0.310669,0.357269,-1.62909,-3.6873,2.75567,8.62985,42,0,60,1542,61,4217
1.48076, -0,-0,-0, 0,0,0,0,0,0, 0.309621,0.358316,-1.62839,-3.72653,2.71644,8.74753,42,0,60,1542,59,4193
1.49012, -0,-0,-0, 0,0,0,0,0,0, 0.308749,0.359189,-1.62769,-3.60885,2.7949,8.62985,42,0,60,1547,61,4166
1.50041, -0,-0,-0, 0,0,0,0,0,0, 0.307527,0.36041,-1.62682,-3.8344,2.71644,8.36507,41,0,60,1540,56,4129
1.51008, -0,-0,-0, 0,0,0,0,0,0, 0.307178,0.360934,-1.62647,-3.72653,2.67722,8.24739,41,0,60,1543,60,4119
1.52018, -0,-0,-0, 0,0,0,0,0,0, 0.307178,0.360934,-1.62647,-3.72653,2.67722,8.24739,41,0,60,1543,60,4119
1.53029, -0,-0,-0, 0.314159,0,0,0.314159,0,0, 0.306829,0.361109,-1.62612,-3.6873,2.71644,8.44353,41,0,60,1546,53,4124
1.54012, -0,-0,-0, 0,0,0,0,0,0, 0.306829,0.361283,-1.62612,-3.60885,2.67722,8.62985,41,0,60,1541,60,4120
1.55025, -0,-0,-0, 0,0,0,0,0,0, 0.307003,0.361109,-1.62595,-3.49117,2.75567,8.94367,42,0,60,1542,58,4140
1.56013, -0,-0,-0, 0,0,0,0,0,0, 0.307352,0.360934,-1.62595,-3.45194,2.7949,8.74753,42,0,60,1536,55,4164
1.57012, -0,-0,-0, 0,0,0,0,0,0, 0.307876,0.36041,-1.62595,-3.49117,2.7949,8.60043,42,0,60,1539,64,4184
1.58212, -0,-0,-0, 0,0,0,0,0,0, 0.308749,0.359887,-1.62595,-3.49117,2.75567,8.56121,41,0,59,1530,65,4211
1.59013, -0,-0,-0, 0,0,0,0,0,0, 0.309621,0.359189,-1.62612,-3.49117,2.71644,8.56121,43,0,60,1529,60,4250
1.60157, -0,-0,-0, 0,0,0,0,0,0, 0.310843,0.358316,-1.6263,-3.49117,2.75567,8.66908,42,0,59,1531,55,4320
1.61008, -0,-0,-0, 0,0,0,0,0,0, 0.313112,0.356396,-1.627,-3.34407,2.87335,8.5514,43,0,59,1538,67,4372
1.62008, -0,-0,-0, 0,0,0,0,0,0, 0.314508,0.355175,-1.62734,-3.30484,2.91258,8.47295,43,0,58,1534,62,4435
1.63196, -0,-0,-0, 0,0,0,0,0,0, 0.314508,0.355175,-1.62734,-3.30484,2.91258,8.47295,43,0,58,1534,62,4435
1.64009, -0,-0,-0, 0,0,0,0,0,0, 0.315905,0.353953,-1.62769,-3.26561,2.91258,8.43372,44,0,58,1539,62,4498
1.65044, -0,-0,-0, 0,0,0,0,0,0, 0.317475,0.352556,-1.62822,-3.22639,2.91258,8.48275,44,0,57,1546,68,4569
1.66012, -0,-0,-0, 0,0,0,0,0,0, 0.319046,0.35116,-1.62857,-3.18716,2.99103,8.56121,44,0,57,1553,64,4648
1.67016, -0,-0,-0, 0,0,0,0,0,0, 0.320442,0.349764,-1.62909,-3.22639,2.99103,8.63966,44,0,56,1548,66,4729
1.68059, -0,-0,-0, 0,0,0,0,0,0, 0.322188,0.348193,-1.62979,-3.18716,3.03025,8.66908,45,0,56,1558,66,4820
1.69011, -0,-0,-0, 0,0,0,0,0,0, 0.323759,0.346622,-1.63031,-3.14793,3.13813,8.66908,45,0,56,1566,66,4905
1.70013, -0,-0,-0, 0,0,0,0,0,0, 0.325329,0.345052,-1.63101,-3.14793,3.13813,8.66908,45,0,56,1561,65,1373
1.71011, -0,-0,-0, 0,0,0,0,0,0, 0.327075,0.343655,-1.63171,-3.06948,3.13813,8.62985,46,0,56,1564,64,1297
1.72011, -0,-0,-0, 0,0,0,0,0,0, 0.330391,0.340688,-1.63328,-3.03025,3.25581,8.59063,46,0,55,1560,73,1304
1.73006, -0,-0,-0, 0,0,0,0,0,0, 0.331962,0.339117,-1.63415,-3.03025,3.21658,8.59063,47,0,55,1558,71,1316
1.74016, -0,-0,-0, 0,0,0,0,0,0, 0.331962,0.339117,-1.63415,-3.03025,3.21658,8.59063,47,0,55,1558,71,1316
1.75069, -0,-0,-0, 0,0,0,0,0,0, 0.333532,0.337721,-1.63502,-3.03025,3.21658,8.59063,47,0,55,1546,81,1336
1.76014, -0,-0,-0, 0,0,0,0,0,0, 0.335103,0.336325,-1.6359,-3.03025,3.25581,8.59063,47,0,55,1542,79,1358
1.77352, -0,-0,-0, 0,0,0,0,0,0, 0.336674,0.334929,-1.63677,-2.99103,3.25581,8.62985,47,0,54,1540,79,1365
1.78445, -0,-0,-0, 0,0,0,0,0,0, 0.338245,0.333707,-1.63764,-2.96161,3.33426,8.60043,48,0,54,1524,81,1382
1.79015, -0,-0,-0, 0,0,0,0,0,0, 0.339641,0.332485,-1.63869,-2.99103,3.33426,8.66908,48,0,53,1505,78,1398
1.80174, -0,-0,-0, 0,0,0,0,0,0, 0.341212,0.331438,-1.63956,-2.92238,3.37349,8.66908,49,0,53,1504,78,1421
1.81009, -0,-0,-0, 0,0,0,0,0,0, 0.342434,0.330216,-1.64061,-2.88316,3.37349,8.63966,49,0,53,1486,80,1426
1.82014, -0,-0,-0, 0,0,0,0,0,0, 0.343655,0.329344,-1.64148,-2.88316,3.33426,8.60043,49,0,52,1483,83,1429
1.83419, -0,-0,-0, 0,0,0,0,0,0, 0.345924,0.327424,-1.6434,-2.92238,3.33426,8.52198,49,0,52,1475,80,1437
1.84015, -0,-0,-0, 0,0,0,0,0,0, 0.346971,0.326551,-1.64427,-2.84393,3.37349,8.5514,50,0,52,1469,83,1439
1.85101, -0,-0,-0, 0,0,0,0,0,0, 0.346971,0.326551,-1.64427,-2.84393,3.37349,8.5514,50,0,52,1469,83,1439
1.86013, -0,-0,-0, 0,0,0,0,0,0, 0.347844,0.325853,-1.64515,-2.84393,3.37349,8.5514,50,0,51,1459,93,1450
1.87017, -0,-0,-0, 0,0,0,0,0,0, 0.348717,0.32498,-1.64602,-2.88316,3.37349,8.63966,50,0,51,1458,81,1452
1.8804, -0,-0,-0, 0,0,0,0,0,0, 0.348193,0.325853,-1.64742,-2.88316,3.41271,8.66908,49,0,51,1455,82,1460
1.89014, -0,-0,-0, 0,0,0,0,0,0, 0.34767,0.326551,-1.64881,-2.88316,3.41271,8.70831,50,0,51,1443,91,1465
1.90026, -0,-0,-0, 0,0,0,0,0,0, 0.347321,0.327075,-1.65003,-2.84393,3.41271,8.5514,50,0,51,1439,92,1469
1.91009, -0,-0,-0, 0,0,0,0,0,0, 0.346971,0.327598,-1.65108,-2.88316,3.41271,8.5514,50,0,51,1438,86,1479
1.92014, -0,-0,-0, 0,0,0,0,0,0, 0.346622,0.327947,-1.6523,-2.88316,3.37349,8.52198,50,0,51,1423,90,1480
1.93222, -0,-0,-0, 0,0,0,0,0,0, 0.346448,0.328296,-1.65335,-2.88316,3.37349,8.5514,51,0,51,1420,82,1483
1.94008, -0,-0,-0, 0,0,0,0,0,0, 0.346099,0.328995,-1.65527,-2.92238,3.37349,8.60043,51,0,50,1410,90,1493
1.95045, -0,-0,-0, 0,0,0,0,0,0, 0.346099,0.328995,-1.65527,-2.92238,3.37349,8.60043,51,0,50,1410,90,1493
1.96012, -0,-0,-0, 0,0,0,0,0,0, 0.345924,0.329169,-1.65632,-2.88316,3.41271,8.63966,50,0,51,1408,88,1496
1.97016, -0,-0,-0, 0,0,0,0,0,0, 0.345924,0.329169,-1.65702,-2.92238,3.37349,8.60043,50,0,50,1408,83,1496
1.98069, -0,-0,-0, 0,0,0,0,0,0, 0.346099,0.329169,-1.65771,-2.92238,3.37349,8.63966,51,0,50,1405,91,1507
1.99012, -0,-0,-0, 0,0,0,0,0,0, 0.346099,0.329169,-1.65841,-2.68702,3.53039,8.47295,51,0,50,1401,87,1507
2.00014, -0,-0,-0, 0,0,0,0,0,0, 0.346273,0.329169,-1.65876,-2.5007,3.63827,8.51217,51,0,50,1404,91,1514
2.01011, -0,-0,-0, 0,0,0,0,0,0, 0.346448,0.328995,-1.65911,-2.6478,3.49117,8.74753,50,0,50,1395,96,1519
2.02013, -0,-0,-0, 0,0,0,0,0,0, 0.346797,0.328645,-1.65928,-2.72625,3.45194,8.90444,51,0,50,1375,88,1509
2.03276, -0,-0,-0, 0,0,0,0,0,0, 0.347146,0.328296,-1.65911,-2.60857,3.53039,8.48275,51,0,50,1373,95,1512
2.04009, -0,-0,-0, 0,0,0,0,0,0, 0.34767,0.327773,-1.65894,-2.46147,3.71672,8.28662,51,0,50,1368,93,1505
2.05296, -0,-0,-0, 0,0,0,0,0,0, 0.34767,0.327773,-1.65894,-2.46147,3.71672,8.28662,51,0,50,1368,93,1505
2.06009, -0,-0,-0, 0,0,0,0,0,0, 0.349764,0.325329,-1.65667,-2.53992,3.60885,8.63966,51,0,49,1344,95,1516
2.0701, -0,-0,-0, 0,0,0,0,0,0, 0.349764,0.325329,-1.65667,-2.53992,3.60885,8.63966,51,0,49,1344,95,1516
2.08234, -0,-0,-0, 0,0,0,0,0,0, 0.350637,0.324457,-1.65562,-2.76548,3.53039,8.52198,51,0,49,1334,92,1531
2.09013, -0,-0,-0, 0,0,0,0,0,0, 0.351509,0.323584,-1.65457,-2.76548,3.25581,8.4043,52,0,49,1321,98,1536
2.10031, -0,-0,-0, 0,0,0,0,0,0, 0.352382,0.322711,-1.65352,-2.38302,3.71672,8.32585,52,0,49,1315,101,1557
2.11011, -0,-0,-0, 0,0,0,0,0,0, 0.353255,0.32149,-1.65213,-2.76548,3.45194,8.89463,52,0,49,1300,96,1593
2.12011, -0,-0,-0, 0.314159,0,0,0.314159,0,0, 0.354127,0.320442,-1.65073,-2.8047,3.06948,9.1398,52,0,49,1278,97,1610
2.13253, -0,-0,-0, 0,0.314159,0,0,0.314159,0, 0.355,0.31957,-1.64951,-2.96161,3.45194,8.90444,53,0,48,1260,97,1619
2.14013, -0,-0,-0, 0,0.314159,0,0,0.314159,0, 0.355873,0.318697,-1.64811,-2.60857,3.56962,7.90416,54,0,48,1245,101,1631
2.15119, -0,-0,-0, 0,-0.314159,0,0,-0.314159,0, 0.356571,0.31765,-1.64672,-2.72625,3.60885,8.28662,54,0,48,1244,101,1637
2.16008, -0,-0,-0, 0,-0.314159,0,0,-0.314159,0, 0.357618,0.315905,-1.64393,-2.96161,3.29503,9.05154,54,0,48,1240,98,1638
2.17009, -0,-0,-0, 0,-0.314159,0,0,-0.314159,0, 0.358142,0.315381,-1.64253,-2.6478,3.56962,8.44353,54,918,48,1224,110,1636
2.18238, -0,-0,-0, 0,0,0,0,0,0, 0.358142,0.315381,-1.64253,-2.6478,3.56962,8.44353,54,918,48,1224,110,1636
2.1902, -0,-0,-0, 0,0,0,0,0,0, 0.358665,0.314857,-1.64131,-2.6478,3.71672,8.32585,54,917,48,1227,100,1641
2.2005, -0,-0,-0, -0.314159,0,0,-0.314159,0,0, 0.359014,0.314508,-1.63974,-2.84393,3.45194,8.51217,54,0,48,1223,93,1637
2.21008, -0,-0,-0, 0.314159,0,0,0.314159,0,0, 0.359189,0.314159,-1.63834,-2.72625,3.49117,8.44353,53,911,47,1235,101,1631
2.22013, -0,-0,-0, 0.314159,0,0,0.314159,0,0, 0.359363,0.313985,-1.63694,-2.76548,3.37349,8.59063,54,910,48,1231,102,1629
2.23225, -0,-0,-0, 0,0,0,0,0,0, 0.359363,0.31381,-1.63555,-2.84393,3.37349,8.86521,54,0,48,1236,101,1623
2.24012, -0,-0,-0, 0,0,0,0,0,0, 0.359189,0.313985,-1.63415,-2.6478,3.60885,8.56121,53,894,48,1237,100,1614
2.25065, -0,-0,-0, 0,0,0,0,0,0, 0.35884,0.314334,-1.63276,-2.92238,3.33426,8.63966,53,894,48,1253,110,1606
2.26009, -0,-0,-0, 0,0,0,0,0,0, 0.358491,0.314683,-1.63136,-2.76548,3.45194,8.63966,53,902,49,1260,107,1602
2.27011, -0,-0,-0, 0,0,0,0,0,0, 0.357094,0.316079,-1.62874,-2.96161,3.37349,8.39449,53,0,49,1273,97,1590
2.28191, -0,-0,-0, 0,0,0,0,0,0, 0.356396,0.316952,-1.62752,-2.72625,3.56962,8.60043,53,0,48,1274,95,1584
2.29018, -0,-0,-0, 0,0,0,0,0,0, 0.356396,0.316952,-1.62752,-2.72625,3.56962,8.60043,53,0,48,1274,95,1584
2.30027, -0,-0,-0, 0,0,0,0,0,0, 0.355524,0.317999,-1.62612,-2.6478,3.75595,8.47295,53,0,49,1283,93,1574
2.31014, -0,-0,-0, 0,0,0,0,0,0, 0.354651,0.318872,-1.62455,-2.68702,3.63827,8.56121,53,0,49,1303,97,1569
2.32014, -0,-0,-0, 0,0,0,0,0,0, 0.353778,0.319919,-1.62298,-2.84393,3.41271,8.60043,52,0,49,1319,91,1554
2.33057, -0,-0,-0, 0.314159,0,0,0.314159,0,0, 0.352731,0.321141,-1.62124,-3.14793,3.53039,8.43372,52,0,49,1361,101,1544
2.34008, -0,-0,-0, 0.314159,0,0,0.314159,0,0, 0.351509,0.322362,-1.61967,-3.22639,3.17735,8.51217,52,0,50,1375,93,1536
2.35041, -0,-0,-0, 0,0,0,0,0,0, 0.350113,0.323409,-1.61827,-3.30484,3.13813,8.66908,51,0,50,1390,98,1516
2.36008, -0,-0,-0, 0,0,0,0,0,0, 0.348542,0.324806,-1.61705,-3.53039,2.87335,9.01231,51,0,50,1405,98,1500
2.37009, -0,-0,-0, 0,0,0,0,0,0, 0.346971,0.326377,-1.616,-3.14793,3.0989,8.78676,50,0,51,1424,83,1483
2.38124, -0,-0,-0, 0,0,0,0,0,0, 0.345401,0.327947,-1.61513,-3.14793,3.13813,8.52198,49,0,52,1450,88,1465
2.39009, -0,-0,-0, 0,0,0,0,0,0, 0.342259,0.331089,-1.61373,-3.45194,2.9518,8.48275,49,0,52,1465,83,1447
2.40021, -0,-0,-0, 0,0,0,0,0,0, 0.342259,0.331089,-1.61373,-3.45194,2.9518,8.48275,49,0,52,1465,83,1447
2.41009, -0,-0,-0, 0,0,0,0,0,0, 0.340688,0.332834,-1.61338,-3.34407,2.91258,8.16894,50,0,52,1479,83,1429
2.42013, -0,-0,-0, 0,0,0,0,0,0, 0.339292,0.334231,-1.61303,-3.18716,3.06948,8.39449,49,0,53,1486,83,1418
2.43156, -0,-0,-0, 0,0,0,0,0,0, 0.337896,0.335801,-1.61268,-3.14793,3.13813,8.86521,48,0,53,1498,86,1409
2.44011, -0,-0,-0, 0,0,0,0,0,0, 0.336674,0.336849,-1.61234,-3.06948,3.0989,8.86521,48,0,53,1516,80,1404
2.4507, -0,-0,-0, 0,0,0,0,0,0, 0.335801,0.337896,-1.61181,-3.10871,3.0989,8.78676,48,0,53,1514,75,1400
2.46007, -0,-0,-0, 0,0,0,0,0,0, 0.335103,0.338768,-1.61146,-3.22639,3.06948,8.62985,47,0,54,1520,86,1397
2.47017, -0,-0,-0, 0,0,0,0,0,0, 0.33458,0.339467,-1.61111,-3.37349,2.91258,8.36507,48,0,53,1521,86,1394
2.48071, -0,-0,-0, 0,0,0,0,0,0, 0.334056,0.33999,-1.61076,-3.41271,2.91258,8.32585,48,0,53,1524,78,1391
2.49011, -0,-0,-0, 0,0,0,0,0,0, 0.333881,0.340514,-1.61042,-3.30484,2.9518,8.52198,47,0,53,1527,72,1388
2.50009, -0,-0,-0, 0,0,0,0,0,0, 0.333707,0.340688,-1.61007,-3.18716,3.03025,8.59063,48,0,54,1524,77,1387
2.51018, -0,-0,-0, 0,0,0,0,0,0, 0.333707,0.340688,-1.61007,-3.18716,3.03025,8.59063,48,0,54,1524,77,1387
2.52015, -0,-0,-0, 0,0,0,0,0,0, 0.333881,0.340688,-1.60989,-3.18716,3.03025,8.51217,47,0,54,1519,78,1386
2.53018, -0,-0,-0, 0,0,0,0,0,0, 0.334231,0.340339,-1.60989,-3.22639,3.06948,8.44353,48,0,54,1519,81,1394
2.54012, -0,-0,-0, 0,0,0,0,0,0, 0.33458,0.339816,-1.60972,-3.30484,3.03025,8.32585,48,0,53,1511,79,1402
2.55027, -0,-0,-0, 0,0,0,0,0,0, 0.335278,0.339117,-1.60972,-3.30484,3.06948,8.48275,48,0,53,1511,78,1401
2.55999, -0,-0,-0, 0,0,0,0,0,0, 0.335976,0.338419,-1.60972,-3.26561,3.0989,8.63966,48,0,52,1505,79,1406
2.57011, -0,-0,-0, 0,0,0,0,0,0, 0.336849,0.337547,-1.60989,-3.26561,3.13813,8.70831,48,0,52,1493,88,1409
2.58202, -0,-0,-0, 0,0,0,0,0,0, 0.337721,0.336499,-1.60989,-3.14793,3.21658,8.62985,49,0,53,1484,81,1416
2.59009, -0,-0,-0, 0,0,0,0,0,0, 0.338943,0.335278,-1.61007,-3.14793,3.21658,8.66908,49,0,53,1478,89,1427
2.60018, -0,-0,-0, 0,0,0,0,0,0, 0.338943,0.335278,-1.61007,-3.14793,3.21658,8.66908,49,0,53,1478,89,1427
2.61011, -0,-0,-0, 0,0,0,0,0,0, 0.342608,0.331263,-1.61059,-3.10871,3.25581,8.44353,49,0,52,1461,87,1454
2.62017, -0,-0,-0, 0,0,0,0,0,0, 0.342608,0.331263,-1.61059,-3.10871,3.25581,8.44353,49,0,52,1461,87,1454
2.63296, -0,-0,-0, 0,0,0,0,0,0, 0.344004,0.329867,-1.61076,-3.06948,3.33426,8.52198,50,0,52,1440,94,1470
2.64017, -0,-0,-0, 0,0,0,0,0,0, 0.345401,0.328471,-1.61111,-3.03025,3.29503,8.59063,51,0,51,1417,94,1486
2.65014, -0,-0,-0, 0,0,0,0,0,0, 0.346797,0.3269,-1.61129,-2.99103,3.37349,8.66908,51,0,51,1393,87,1507
2.66011, -0,-0,-0, 0,0,0,0,0,0, 0.348368,0.325329,-1.61164,-2.92238,3.41271,8.70831,51,0,51,1381,97,1530
2.67008, -0,-0,-0, 0,0,0,0,0,0, 0.349764,0.323933,-1.61199,-2.88316,3.37349,8.60043,52,0,50,1368,97,1542
2.6806, -0,-0,-0, 0,0,0,0,0,0, 0.35116,0.322362,-1.61216,-2.88316,3.41271,8.52198,52,0,50,1350,96,1559
2.6901, -0,-0,-0, 0,0,0,0,0,0, 0.352731,0.320966,-1.61251,-2.84393,3.45194,8.51217,53,0,49,1331,101,1565
2.70024, -0,-0,-0, 0,0,0,0,0,0, 0.352731,0.320966,-1.61251,-2.84393,3.45194,8.51217,53,0,49,1331,101,1565
2.71013, -0,-0,-0, 0,0,0,0,0,0, 0.355349,0.318174,-1.61321,-2.72625,3.45194,8.62985,53,0,49,1308,99,1622
2.72013, -0,-0,-0, 0,0,0,0,0,0, 0.357618,0.315556,-1.61373,-2.68702,3.53039,8.56121,53,900,48,1301,105,1639
2.73238, -0,-0,-0, 0,0,0,0,0,0, 0.357618,0.315556,-1.61373,-2.68702,3.53039,8.56121,53,900,48,1301,105,1639
2.74008, -0,-0,-0, 0,0,0,0,0,0, 0.358665,0.314508,-1.61391,-2.68702,3.56962,8.48275,53,0,48,1283,99,1653
2.75018, -0,-0,-0, 0,0,0,0,0,0, 0.359538,0.313287,-1.61408,-2.68702,3.56962,8.52198,53,0,48,1278,108,1673
2.76017, -0,-0,-0, 0,0,0,0,0,0, 0.36041,0.312414,-1.61425,-2.72625,3.56962,8.60043,54,905,48,1266,102,1686
2.77027, -0,-0,-0, 0,0,0,0,0,0, 0.361109,0.311541,-1.61443,-2.6478,3.60885,8.62985,54,0,48,1264,113,1686
2.78244, -0,-0,-0, 0,0,0,0,0,0, 0.361632,0.310669,-1.6146,-2.6478,3.60885,8.59063,54,899,48,1254,106,1703
2.7901, -0,-0,-0, 0,0,0,0,0,0, 0.362156,0.30997,-1.6146,-2.6478,3.60885,8.59063,54,899,48,1252,109,1703
2.80021, -0,-0,-0, 0,0,0,0,0,0, 0.362505,0.309272,-1.61478,-2.68702,3.60885,8.60043,54,0,47,1252,95,1705
2.81011, -0,-0,-0, 0,0,0,0,0,0, 0.362854,0.308749,-1.61478,-2.6478,3.60885,8.59063,54,898,47,1245,111,1705
2.82011, -0,-0,-0, 0,0,0,0,0,0, 0.363028,0.3084,-1.61478,-2.6478,3.60885,8.62985,54,898,47,1241,108,1712
2.83209, -0,-0,-0, 0,0,0,0,0,0, 0.362679,0.309272,-1.6153,-2.68702,3.60885,8.5514,54,0,48,1247,106,1701
2.84016, -0,-0,-0, 0,0,0,0,0,0, 0.362679,0.309272,-1.6153,-2.68702,3.60885,8.5514,54,0,48,1247,106,1701
2.85024, -0,-0,-0, 0,0,0,0,0,0, 0.361981,0.31032,-1.61583,-2.6478,3.60885,8.59063,55,907,48,1242,106,1702
2.86009, -0,-0,-0, 0,0,0,0,0,0, 0.361283,0.311367,-1.616,-2.6478,3.56962,8.62985,54,917,48,1251,101,1699
2.87015, -0,-0,-0, 0,0,0,0,0,0, 0.36076,0.312414,-1.61635,-2.6478,3.56962,8.66908,53,917,48,1255,106,1691
2.88012, -0,-0,-0, 0,0,0,0,0,0, 0.360236,0.312938,-1.61635,-2.6478,3.53039,8.70831,54,915,47,1260,111,1684
2.89012, -0,-0,-0, 0,0,0,0,0,0, 0.359712,0.313461,-1.61635,-2.6478,3.53039,8.63966,53,916,48,1258,101,1679
2.90189, -0,-0,-0, 0,0,0,0,0,0, 0.359014,0.314159,-1.61635,-2.68702,3.49117,8.56121,54,916,48,1264,114,1662
2.91012, -0,-0,-0, 0,0,0,0,0,0, 0.358491,0.314683,-1.61635,-2.68702,3.49117,8.56121,53,0,48,1269,99,1653
2.92012, -0,-0,-0, 0,0,0,0,0,0, 0.357792,0.315381,-1.61617,-2.72625,3.45194,8.66908,53,947,48,1276,106,1637
2.93091, -0,-0,-0, 0,0,0,0,0,0, 0.357094,0.316079,-1.61617,-2.72625,3.45194,8.74753,53,0,48,1278,98,1634
2.94009, -0,-0,-0, 0,0,0,0,0,0, 0.355873,0.31765,-1.61617,-2.8047,3.41271,8.62985,53,0,48,1292,102,1631
2.95018, -0,-0,-0, 0,0,0,0,0,0, 0.355873,0.31765,-1.61617,-2.8047,3.41271,8.62985,53,0,48,1292,102,1631
2.96013, -0,-0,-0, 0,0,0,0,0,0, 0.355175,0.318348,-1.61617,-2.84393,3.37349,8.63966,53,0,49,1291,99,1617
2.97012, -0,-0,-0, 0,0,0,0,0,0, 0.354476,0.319046,-1.616,-2.84393,3.37349,8.60043,52,0,49,1297,95,1606
2.98022, -0,-0,-0, 0,0,0,0,0,0, 0.353953,0.31957,-1.616,-2.84393,3.33426,8.63966,52,907,49,1301,100,1602
2.99006, -0,-0,-0, 0,0,0,0,0,0, 0.353429,0.320268,-1.616,-2.84393,3.33426,8.70831,53,0,49,1310,91,1587
3.00015, -0,-0,-0, 0,0,0,0,0,0, 0.352906,0.320792,-1.616,-2.88316,3.29503,8.70831,52,0,49,1312,94,1579
3.01011, -0,-0,-0, 0,0,0,0,0,0, 0.352556,0.32149,-1.616,-2.88316,3.29503,8.66908,52,0,50,1314,95,1575
3.02012, -0,-0,-0, 0,0,0,0,0,0, 0.352207,0.321839,-1.616,-2.92238,3.29503,8.63966,52,0,49,1323,98,1566
3.03225, -0,-0,-0, 0,0,0,0,0,0, 0.351858,0.322362,-1.61617,-2.92238,3.29503,8.5514,53,0,49,1325,95,1565
3.04011, -0,-0,-0, 0,0,0,0,0,0, 0.351509,0.322711,-1.61617,-2.96161,3.33426,8.5514,52,0,49,1326,91,1575
3.05135, -0,-0,-0, 0,0,0,0,0,0, 0.351509,0.322711,-1.61617,-2.96161,3.33426,8.5514,52,0,49,1326,91,1575
3.0601, -0,-0,-0, 0,0,0,0,0,0, 0.351335,0.323235,-1.61635,-2.96161,3.33426,8.63966,52,0,49,1321,93,1569
3.07012, -0,-0,-0, 0,0,0,0,0,0, 0.35116,0.323409,-1.61652,-2.96161,3.33426,8.5514,52,0,49,1327,99,1569
3.08183, -0,-0,-0, 0,0,0,0,0,0, 0.35116,0.323409,-1.61652,-2.96161,3.29503,8.52198,52,0,49,1327,97,1568
3.09017, -0,-0,-0, 0,0,0,0,0,0, 0.351335,0.323409,-1.6167,-2.96161,3.29503,8.52198,52,0,49,1322,102,1570
3.10019, -0,-0,-0, 0,0,0,0,0,0, 0.351335,0.323409,-1.61687,-2.96161,3.33426,8.52198,52,0,50,1329,101,1581
3.11012, -0,-0,-0, 0,0,0,0,0,0, 0.351509,0.323409,-1.61687,-2.96161,3.33426,8.63966,52,0,50,1330,93,1578
3.12016, -0,-0,-0, 0,0,0,0,0,0, 0.351684,0.323235,-1.61705,-2.92238,3.33426,8.63966,53,0,49,1318,94,1581
3.1335, -0,-0,-0, 0,0,0,0,0,0, 0.352033,0.322886,-1.61722,-2.96161,3.33426,8.66908,52,0,49,1316,89,1580
3.1401, -0,-0,-0, 0,0,0,0,0,0, 0.352382,0.322711,-1.6174,-2.92238,3.33426,8.5514,52,924,49,1308,103,1590
3.15008, -0,-0,-0, 0,0,0,0,0,0, 0.352556,0.322362,-1.61757,-2.96161,3.37349,8.52198,52,0,49,1296,98,1600
3.16012, -0,-0,-0, 0,0,0,0,0,0, 0.353255,0.321664,-1.61792,-2.88316,3.37349,8.5514,53,0,48,1304,92,1598
3.17008, -0,-0,-0, 0,0,0,0,0,0, 0.353255,0.321664,-1.61792,-2.88316,3.37349,8.5514,53,0,48,1304,92,1598
3.18197, -0,-0,-0, 0,0,0,0,0,0, 0.353604,0.321141,-1.61809,-2.92238,3.37349,8.60043,52,921,49,1296,101,1606
3.19011, -0,-0,-0, 0,0,0,0,0,0, 0.354127,0.320792,-1.61827,-2.88316,3.41271,8.60043,53,0,49,1290,96,1617
3.20054, -0,-0,-0, 0,0,0,0,0,0, 0.354476,0.320268,-1.61827,-2.88316,3.41271,8.63966,53,0,48,1289,102,1627
3.21009, -0,-0,-0, 0,0,0,0,0,0, 0.354825,0.319744,-1.61844,-2.84393,3.41271,8.63966,53,0,49,1285,99,1630
3.22009, -0,-0,-0, 0,0,0,0,0,0, 0.355349,0.319395,-1.61844,-2.84393,3.41271,8.63966,52,0,48,1284,104,1635
3.23254, -0,-0,-0, 0,0,0,0,0,0, 0.355698,0.318872,-1.61862,-2.84393,3.37349,8.60043,53,0,48,1278,104,1646
3.2401, -0,-0,-0, 0,0,0,0,0,0, 0.356222,0.318523,-1.61862,-2.8047,3.41271,8.59063,53,1070,48,1276,104,1648
3.25005, -0,-0,-0, 0,0,0,0,0,0, 0.356571,0.318174,-1.61862,-2.76548,3.41271,8.59063,53,1062,48,1276,104,1648
3.26008, -0,-0,-0, 0,0,0,0,0,0, 0.35692,0.31765,-1.61862,-2.8047,3.41271,8.56121,53,1058,48,1266,107,1658
3.27014, -0,-0,-0, 0,0,0,0,0,0, 0.357443,0.316952,-1.61862,-2.8047,3.45194,8.63966,53,1056,48,1261,102,1657
3.2813, -0,-0,-0, 0,0,0,0,0,0, 0.357443,0.316952,-1.61862,-2.8047,3.45194,8.63966,53,1056,48,1261,102,1657
3.29012, -0,-0,-0, 0,0,0,0,0,0, 0.357618,0.316603,-1.61844,-2.76548,3.49117,8.63966,53,1055,48,1260,100,1662
3.30024, -0,-0,-0, 0,0,0,0,0,0, 0.357967,0.316428,-1.61844,-2.8047,3.45194,8.66908,54,1052,48,1258,102,1665
3.31017, -0,-0,-0, 0,0,0,0,0,0, 0.358142,0.316079,-1.61827,-2.8047,3.45194,8.66908,54,1044,48,1253,101,1676
3.32015, -0,-0,-0, 0,0,0,0,0,0, 0.358142,0.315905,-1.61809,-2.76548,3.45194,8.63966,54,1037,48,1254,102,1675
3.33149, -0,-0,-0, 0,0,0,0,0,0, 0.358316,0.31573,-1.61792,-2.76548,3.49117,8.66908,54,1026,47,1254,104,1679
3.3401, -0,-0,-0, 0,0,0,0,0,0, 0.358316,0.31573,-1.61775,-2.76548,3.45194,8.66908,54,1035,48,1256,107,1676
3.35017, -0,-0,-0, 0,0,0,0,0,0, 0.358491,0.315556,-1.61757,-2.72625,3.45194,8.70831,54,0,48,1252,111,1682
3.36009, -0,-0,-0, 0,0,0,0,0,0, 0.358491,0.315556,-1.6174,-2.76548,3.45194,8.70831,54,915,48,1254,103,1674
3.37012, -0,-0,-0, 0,0,0,0,0,0, 0.358491,0.315556,-1.61705,-2.72625,3.41271,8.63966,54,914,48,1260,100,1676
3.38057, -0,-0,-0, 0,0,0,0,0,0, 0.358491,0.31573,-1.61687,-2.72625,3.45194,8.56121,54,0,48,1255,98,1678
3.39014, -0,-0,-0, 0,0,0,0,0,0, 0.358491,0.31573,-1.61687,-2.72625,3.45194,8.56121,54,0,48,1255,98,1678
3.40026, -0,-0,-0, 0,0,0,0,0,0, 0.358316,0.315905,-1.61635,-2.72625,3.45194,8.59063,54,913,48,1257,104,1671
3.41012, -0,-0,-0, 0,0,0,0,0,0, 0.358316,0.315905,-1.616,-2.72625,3.45194,8.62985,54,912,48,1263,106,1673
3.42015, -0,-0,-0, 0,0,0,0,0,0, 0.358142,0.316079,-1.61565,-2.76548,3.45194,8.66908,54,0,48,1257,101,1673
3.43116, -0,-0,-0, 0,0,0,0,0,0, 0.357967,0.316254,-1.61548,-2.8047,3.45194,8.66908,54,909,48,1259,109,1665
3.44009, -0,-0,-0, 0,0,0,0,0,0, 0.357792,0.316428,-1.61513,-2.8047,3.45194,8.63966,54,920,48,1268,108,1663
3.45023, -0,-0,-0, 0,0,0,0,0,0, 0.357618,0.316603,-1.61478,-2.8047,3.45194,8.63966,53,918,48,1266,100,1654
3.46012, -0,-0,-0, 0,0,0,0,0,0, 0.357269,0.316952,-1.61443,-2.8047,3.45194,8.60043,54,918,48,1269,104,1654
3.47021, -0,-0,-0, 0,0,0,0,0,0, 0.357094,0.317126,-1.61408,-2.8047,3.45194,8.60043,54,918,48,1276,100,1656
3.4811, -0,-0,-0, 0,0,0,0,0,0, 0.35692,0.317475,-1.61373,-2.8047,3.45194,8.60043,53,929,48,1274,101,1642
3.49009, -0,-0,-0, 0,0,0,0,0,0, 0.356745,0.31765,-1.61338,-2.8047,3.41271,8.59063,53,928,48,1275,101,1635
3.50056, -0,-0,-0, 0,0,0,0,0,0, 0.356745,0.31765,-1.61338,-2.8047,3.41271,8.59063,53,928,48,1275,101,1635
3.51012, -0,-0,-0, 0,0,0,0,0,0, 0.356396,0.318174,-1.61268,-2.8047,3.41271,8.62985,53,0,48,1269,95,1629
3.52008, -0,-0,-0, 0,0,0,0,0,0, 0.356222,0.318348,-1.61234,-2.8047,3.41271,8.62985,53,0,48,1276,95,1633
3.53244, -0,-0,-0, 0,0,0,0,0,0, 0.356047,0.318523,-1.61216,-2.8047,3.41271,8.62985,53,930,49,1280,104,1621
3.54014, -0,-0,-0, 0,0,0,0,0,0, 0.355873,0.318697,-1.61181,-2.84393,3.37349,8.63966,53,0,48,1276,93,1625
3.55043, -0,-0,-0, 0,0,0,0,0,0, 0.355698,0.318872,-1.61146,-2.84393,3.41271,8.63966,53,913,49,1285,103,1614
3.56016, -0,-0,-0, 0,0,0,0,0,0, 0.355524,0.319046,-1.61129,-2.84393,3.41271,8.63966,53,0,49,1294,102,1615
3.5701, -0,-0,-0, 0,0,0,0,0,0, 0.355349,0.319221,-1.61094,-2.88316,3.41271,8.63966,53,0,49,1288,95,1615
3.58012, -0,-0,-0, 0,0,0,0,0,0, 0.355175,0.319395,-1.61076,-2.84393,3.41271,8.63966,53,0,49,1290,97,1613
3.59011, -0,-0,-0, 0,0,0,0,0,0, 0.355175,0.31957,-1.61042,-2.84393,3.41271,8.63966,52,0,48,1296,94,1606
3.60093, -0,-0,-0, 0,0,0,0,0,0, 0.355,0.31957,-1.61024,-2.84393,3.37349,8.5514,53,0,48,1302,108,1608
3.61016, -0,-0,-0, 0,0,0,0,0,0, 0.355,0.31957,-1.61024,-2.84393,3.37349,8.5514,53,0,48,1302,108,1608
3.6202, -0,-0,-0, 0,0,0,0,0,0, 0.355,0.319744,-1.60989,-2.84393,3.37349,8.60043,52,0,48,1294,101,1609
3.63156, -0,-0,-0, 0,0,0,0,0,0, 0.355,0.319919,-1.60972,-2.8047,3.37349,8.59063,53,0,49,1301,97,1605
3.64023, -0,-0,-0, 0,0,0,0,0,0, 0.355,0.319919,-1.60954,-2.84393,3.37349,8.60043,53,916,49,1297,104,1604
3.65049, -0,-0,-0, 0,0,0,0,0,0, 0.355,0.319919,-1.60937,-2.84393,3.41271,8.60043,53,0,49,1289,97,1602
3.6601, -0,-0,-0, 0,0,0,0,0,0, 0.355,0.319919,-1.60919,-2.8047,3.41271,8.59063,53,913,49,1298,105,1599
3.67014, -0,-0,-0, 0,0,0,0,0,0, 0.355175,0.319744,-1.60902,-2.84393,3.45194,8.59063,52,0,49,1292,103,1600
3.68012, -0,-0,-0, 0,0,0,0,0,0, 0.355175,0.319744,-1.60902,-2.84393,3.45194,8.62985,52,0,48,1300,96,1602
3.6901, -0,-0,-0, 0,0,0,0,0,0, 0.355175,0.319744,-1.60902,-2.84393,3.45194,8.59063,52,0,49,1300,99,1606
3.70047, -0,-0,-0, 0,0,0,0,0,0, 0.355349,0.319744,-1.60884,-2.84393,3.45194,8.62985,52,920,49,1294,100,1605
3.71008, -0,-0,-0, 0,0,0,0,0,0, 0.355524,0.31957,-1.60884,-2.84393,3.45194,8.62985,53,0,49,1292,99,1609
3.72014, -0,-0,-0, 0,0,0,0,0,0, 0.355524,0.31957,-1.60884,-2.84393,3.45194,8.62985,53,0,49,1292,99,1609
3.73152, -0,-0,-0, 0,0,0,0,0,0, 0.355698,0.319395,-1.60884,-2.84393,3.41271,8.63966,53,0,49,1297,98,1611
3.74013, -0,-0,-0, 0,0,0,0,0,0, 0.355698,0.319395,-1.60867,-2.84393,3.45194,8.59063,53,1097,49,1284,100,1609
3.75014, -0,-0,-0, 0,0,0,0,0,0, 0.355873,0.319395,-1.60867,-2.8047,3.41271,8.59063,52,0,49,1299,103,1607
3.76012, -0,-0,-0, 0,0,0,0,0,0, 0.355873,0.319221,-1.60884,-2.8047,3.41271,8.59063,54,0,49,1292,96,1608
3.77164, -0,-0,-0, 0,0,0,0,0,0, 0.356047,0.319221,-1.60884,-2.8047,3.37349,8.59063,53,0,49,1296,97,1608
3.78153, -0,-0,-0, 0,0,0,0,0,0, 0.356047,0.319046,-1.60884,-2.76548,3.37349,8.66908,53,0,48,1292,102,1617
3.79015, -0,-0,-0, 0,0,0,0,0,0, 0.356222,0.319046,-1.60884,-2.8047,3.41271,8.66908,53,0,48,1292,99,1614
3.80047, -0,-0,-0, 0,0,0,0,0,0, 0.356222,0.319046,-1.60884,-2.8047,3.41271,8.66908,53,0,48,1292,99,1614
3.81008, -0,-0,-0, 0,0,0,0,0,0, 0.356396,0.319046,-1.60902,-2.8047,3.41271,8.62985,53,908,49,1286,100,1623
3.82014, -0,-0,-0, 0,0,0,0,0,0, 0.356396,0.319046,-1.60902,-2.8047,3.41271,8.62985,53,908,49,1286,100,1623
3.83253, -0,-0,-0, 0,0,0,0,0,0, 0.356571,0.319046,-1.60902,-2.8047,3.41271,8.59063,53,0,49,1286,103,1617
3.84012, -0,-0,-0, 0,0,0,0,0,0, 0.356745,0.318872,-1.60919,-2.84393,3.41271,8.60043,53,0,48,1291,107,1620
3.85014, -0,-0,-0, 0,0,0,0,0,0, 0.35692,0.318872,-1.60919,-2.84393,3.45194,8.59063,53,911,49,1289,106,1623
3.86012, -0,-0,-0, 0,0,0,0,0,0, 0.35692,0.318697,-1.60919,-2.84393,3.45194,8.56121,53,0,49,1291,94,1618
3.8701, -0,-0,-0, 0,0,0,0,0,0, 0.357094,0.318697,-1.60937,-2.84393,3.41271,8.60043,53,0,49,1286,96,1622
3.88251, -0,-0,-0, 0,0,0,0,0,0, 0.357269,0.318697,-1.60937,-2.84393,3.41271,8.5514,53,0,49,1285,104,1623
3.89013, -0,-0,-0, 0,0,0,0,0,0, 0.357269,0.318523,-1.60954,-2.84393,3.45194,8.59063,53,908,48,1291,103,1622
3.90014, -0,-0,-0, 0,0,0,0,0,0, 0.357443,0.318523,-1.60954,-2.88316,3.45194,8.56121,52,0,48,1286,98,1627
3.91012, -0,-0,-0, 0,0,0,0,0,0, 0.357443,0.318348,-1.60954,-2.84393,3.45194,8.56121,54,909,48,1288,104,1631
3.92009, -0,-0,-0, 0,0,0,0,0,0, 0.357443,0.318348,-1.60972,-2.84393,3.45194,8.56121,53,938,48,1280,106,1629
3.93142, -0,-0,-0, 0,0,0,0,0,0, 0.357443,0.318174,-1.60972,-2.84393,3.41271,8.63966,54,0,48,1285,103,1624
3.94003, -0,-0,-0, 0,0,0,0,0,0, 0.357443,0.318174,-1.60972,-2.84393,3.41271,8.63966,54,0,48,1285,103,1624
3.95056, -0,-0,-0, 0,0,0,0,0,0, 0.357618,0.318174,-1.60972,-2.84393,3.41271,8.63966,53,1242,49,1287,100,1624
3.96011, -0,-0,-0, 0,0,0,0,0,0, 0.357618,0.318174,-1.60989,-2.8047,3.41271,8.59063,53,1226,49,1288,107,1630
3.97014, -0,-0,-0, 0,0,0,0,0,0, 0.357618,0.317999,-1.60989,-2.84393,3.41271,8.5514,53,1196,48,1284,106,1627
3.981, -0,-0,-0, 0,0,0,0,0,0, 0.357618,0.317999,-1.60989,-2.84393,3.41271,8.5514,53,0,48,1282,98,1630
3.99008, -0,-0,-0, 0,0,0,0,0,0, 0.357618,0.317999,-1.60989,-2.84393,3.41271,8.60043,53,1179,49,1289,100,1626
4.00042, -0,-0,-0, 0,0,0,0,0,0, 0.357618,0.317999,-1.60989,-2.8047,3.41271,8.59063,53,1166,48,1292,102,1624
4.0101, -0,-0,-0, 0,0,0,0,0,0, 0.357792,0.317999,-1.60989,-2.8047,3.41271,8.66908,53,0,49,1284,110,1625
4.02011, -0,-0,-0, 0,0,0,0,0,0, 0.357792,0.317999,-1.60989,-2.84393,3.37349,8.63966,53,915,49,1286,104,1624
4.03014, -0,-0,-0, 0,0,0,0,0,0, 0.357792,0.317999,-1.60989,-2.84393,3.37349,8.66908,54,916,49,1282,104,1628
4.04007, -0,-0,-0, 0,0,0,0,0,0, 0.357792,0.317999,-1.60989,-2.84393,3.37349,8.63966,53,0,49,1287,97,1622
4.05067, -0,-0,-0, 0,0,0,0,0,0, 0.357792,0.317999,-1.60989,-2.84393,3.37349,8.63966,53,0,49,1287,97,1622
4.06009, -0,-0,-0, 0,0,0,0,0,0, 0.357792,0.318174,-1.60989,-2.8047,3.37349,8.70831,54,916,49,1287,106,1617
4.07013, -0,-0,-0, 0,0,0,0,0,0, 0.357792,0.318174,-1.60989,-2.8047,3.37349,8.66908,53,0,48,1292,94,1621
4.0822, -0,-0,-0, 0,0,0,0,0,0, 0.357792,0.318348,-1.60989,-2.8047,3.37349,8.70831,53,910,48,1297,105,1625
4.09017, -0,-0,-0, 0,0,0,0,0,0, 0.357792,0.318348,-1.60972,-2.8047,3.37349,8.66908,53,0,48,1289,100,1623
4.10017, -0,-0,-0, 0,0,0,0,0,0, 0.357967,0.318523,-1.60972,-2.8047,3.37349,8.59063,54,0,48,1293,94,1621
4.11007, -0,-0,-0, 0,0,0,0,0,0, 0.357967,0.318697,-1.60972,-2.84393,3.41271,8.60043,54,921,48,1294,101,1623
4.12013, -0,-0,-0, 0,0,0,0,0,0, 0.357967,0.318697,-1.60972,-2.84393,3.41271,8.5514,54,0,48,1294,98,1615
4.13187, -0,-0,-0, 0,0,0,0,0,0, 0.357967,0.318872,-1.60954,-2.84393,3.41271,8.60043,54,0,49,1294,101,1613
4.14009, -0,-0,-0, 0,0,0,0,0,0, 0.357967,0.319046,-1.60954,-2.84393,3.41271,8.60043,53,913,49,1295,100,1618
4.15047, -0,-0,-0, 0,0,0,0,0,0, 0.357967,0.319046,-1.60937,-2.84393,3.41271,8.60043,54,0,48,1297,97,1612
4.16011, -0,-0,-0, 0,0,0,0,0,0, 0.357967,0.319046,-1.60937,-2.84393,3.41271,8.60043,54,0,48,1297,97,1612
4.17013, -0,-0,-0, 0,0,0,0,0,0, 0.357967,0.319395,-1.60919,-2.84393,3.37349,8.60043,53,915,48,1301,105,1617
4.18304, -0,-0,-0, 0,0,0,0,0,0, 0.357967,0.319395,-1.60919,-2.88316,3.45194,8.59063,53,0,48,1298,96,1619
4.1901, -0,-0,-0, 0,0,0,0,0,0, 0.357967,0.319395,-1.60902,-2.84393,3.37349,8.5514,53,928,49,1303,104,1618
4.20025, -0,-0,-0, 0,0,0,0,0,0, 0.357967,0.31957,-1.60902,-2.88316,3.41271,8.5514,53,0,49,1310,97,1614
4.21009, -0,-0,-0, 0,0,0,0,0,0, 0.357967,0.31957,-1.60884,-2.88316,3.37349,8.60043,54,936,49,1297,109,1619
4.22013, -0,-0,-0, 0,0,0,0,0,0, 0.357967,0.319744,-1.60884,-2.88316,3.45194,8.62985,53,936,49,1303,101,1616
4.23155, -0,-0,-0, 0,0,0,0,0,0, 0.358142,0.319744,-1.60867,-2.84393,3.37349,8.66908,53,0,48,1306,98,1613
4.24007, -0,-0,-0, 0,0,0,0,0,0, 0.358142,0.319919,-1.60867,-2.88316,3.45194,8.70831,53,928,48,1297,107,1619
4.2501, -0,-0,-0, 0,0,0,0,0,0, 0.358142,0.319919,-1.6085,-2.84393,3.41271,8.63966,53,928,48,1305,104,1620
4.26009, -0,-0,-0, 0,0,0,0,0,0, 0.358316,0.319919,-1.6085,-2.84393,3.37349,8.5514,53,0,48,1300,96,1620
4.27009, -0,-0,-0, 0,0,0,0,0,0, 0.358316,0.319919,-1.6085,-2.84393,3.37349,8.5514,53,0,48,1300,96,1620
4.28215, -0,-0,-0, 0,0,0,0,0,0, 0.358491,0.320093,-1.60832,-2.8047,3.41271,8.56121,53,921,48,1299,109,1617
4.29013, -0,-0,-0, 0,0,0,0,0,0, 0.358491,0.320093,-1.60832,-2.8047,3.45194,8.5514,53,0,49,1303,100,1618
4.30013, -0,-0,-0, 0,0,0,0,0,0, 0.358665,0.320093,-1.60815,-2.8047,3.41271,8.56121,53,1010,49,1305,103,1620
4.31012, -0,-0,-0, 0,0,0,0,0,0, 0.358665,0.320093,-1.60815,-2.84393,3.45194,8.56121,54,0,48,1305,103,1625
4.32014, -0,-0,-0, 0,0,0,0,0,0, 0.35884,0.320093,-1.60797,-2.84393,3.45194,8.59063,52,928,49,1301,101,1622
4.33277, -0,-0,-0, 0,0,0,0,0,0, 0.35884,0.319919,-1.60797,-2.84393,3.45194,8.59063,53,0,49,1300,96,1628
4.34012, -0,-0,-0, 0,0,0,0,0,0, 0.35884,0.319919,-1.60797,-2.84393,3.45194,8.62985,53,0,49,1299,95,1631
4.35011, -0,-0,-0, 0,0,0,0,0,0, 0.359014,0.319919,-1.60797,-2.84393,3.45194,8.62985,53,926,48,1298,105,1624
4.3601, -0,-0,-0, 0,0,0,0,0,0, 0.359189,0.319919,-1.60797,-2.84393,3.45194,8.56121,53,0,48,1297,104,1634
4.37013, -0,-0,-0, 0,0,0,0,0,0, 0.359189,0.319919,-1.60797,-2.84393,3.45194,8.47295,52,0,48,1298,108,1625
4.38111, -0,-0,-0, 0,0,0,0,0,0, 0.359189,0.319919,-1.60797,-2.84393,3.45194,8.47295,52,0,48,1298,108,1625
4.39012, -0,-0,-0, 0,0,0,0,0,0, 0.359363,0.319744,-1.60815,-2.84393,3.45194,8.51217,53,927,49,1294,110,1628
4.40035, -0,-0,-0, 0,0,0,0,0,0, 0.359363,0.31957,-1.60815,-2.84393,3.45194,8.59063,54,935,48,1291,106,1629
4.41011, -0,-0,-0, 0,0,0,0,0,0, 0.359363,0.31957,-1.60815,-2.8047,3.45194,8.5514,54,934,48,1302,107,1632
4.42011, -0,-0,-0, 0,0,0,0,0,0, 0.359363,0.319395,-1.60832,-2.8047,3.45194,8.5514,53,0,48,1295,97,1634
4.43231, -0,-0,-0, 0,0,0,0,0,0, 0.359363,0.319221,-1.60832,-2.8047,3.45194,8.5514,53,957,48,1291,106,1629
4.44011, -0,-0,-0, 0,0,0,0,0,0, 0.359363,0.319221,-1.60832,-2.84393,3.45194,8.59063,54,961,48,1288,100,1628
4.4503, -0,-0,-0, 0,0,0,0,0,0, 0.359363,0.319221,-1.60832,-2.84393,3.45194,8.59063,54,961,48,1288,100,1628
4.46013, -0,-0,-0, 0,0,0,0,0,0, 0.359363,0.319046,-1.6085,-2.8047,3.45194,8.63966,53,906,48,1293,104,1629
4.47013, -0,-0,-0, 0,0,0,0,0,0, 0.359363,0.319046,-1.60867,-2.8047,3.45194,8.60043,53,0,48,1294,98,1632
4.48053, -0,-0,-0, 0,0,0,0,0,0, 0.359363,0.319046,-1.60867,-2.8047,3.45194,8.60043,53,0,48,1294,98,1632
4.49, -0,-0,-0, 0,0,0,0,0,0, 0.359363,0.319046,-1.60867,-2.8047,3.45194,8.60043,54,927,48,1293,100,1631
4.50016, -0,-0,-0, 0,0,0,0,0,0, 0.359363,0.318872,-1.60884,-2.8047,3.45194,8.5514,53,926,48,1296,101,1625
4.51009, -0,-0,-0, 0,0,0,0,0,0, 0.359189,0.318872,-1.60902,-2.84393,3.45194,8.62985,52,923,48,1291,103,1622
4.52022, -0,-0,-0, 0,0,0,0,0,0, 0.359014,0.318697,-1.60919,-2.84393,3.45194,8.59063,53,0,48,1288,99,1619
4.53063, -0,-0,-0, 0,0,0,0,0,0, 0.359014,0.318697,-1.60937,-2.84393,3.45194,8.62985,54,0,49,1300,94,1622
4.54009, -0,-0,-0, 0,0,0,0,0,0, 0.35884,0.318697,-1.60937,-2.8047,3.45194,8.5514,53,922,49,1296,100,1618
4.55016, -0,-0,-0, 0,0,0,0,0,0, 0.358665,0.318697,-1.60954,-2.8047,3.45194,8.63966,53,0,48,1298,90,1616
4.5601, -0,-0,-0, 0,0,0,0,0,0, 0.358491,0.318697,-1.60972,-2.84393,3.45194,8.59063,53,0,48,1299,108,1614
4.57015, -0,-0,-0, 0,0,0,0,0,0, 0.358316,0.318697,-1.60989,-2.8047,3.41271,8.62985,54,1300,48,1295,103,1611
4.58305, -0,-0,-0, 0,0,0,0,0,0, 0.358142,0.318697,-1.61007,-2.8047,3.41271,8.62985,54,0,48,1291,109,1614
4.59007, -0,-0,-0, 0,0,0,0,0,0, 0.358142,0.318697,-1.61024,-2.8047,3.41271,8.62985,53,912,49,1299,102,1601
4.60033, -0,-0,-0, 0,0,0,0,0,0, 0.358142,0.318697,-1.61024,-2.8047,3.41271,8.62985,53,912,49,1299,102,1601
4.61011, -0,-0,-0, 0,0,0,0,0,0, 0.357967,0.318697,-1.61042,-2.8047,3.41271,8.62985,53,0,48,1297,96,1604
4.62012, -0,-0,-0, 0,0,0,0,0,0, 0.357618,0.318697,-1.61076,-2.84393,3.41271,8.63966,53,0,49,1302,99,1598
4.63233, -0,-0,-0, 0,0,0,0,0,0, 0.357618,0.318697,-1.61094,-2.84393,3.37349,8.60043,53,0,49,1297,99,1598
4.6401, -0,-0,-0, 0,0,0,0,0,0, 0.357443,0.318697,-1.61111,-2.84393,3.37349,8.60043,54,1130,49,1303,100,1600
4.65013, -0,-0,-0, 0,0,0,0,0,0, 0.357269,0.318697,-1.61129,-2.8047,3.37349,8.62985,54,0,50,1298,98,1592
4.66012, -0,-0,-0, 0,0,0,0,0,0, 0.357269,0.318697,-1.61146,-2.84393,3.37349,8.66908,53,0,49,1308,93,1599
4.6701, -0,-0,-0, 0,0,0,0,0,0, 0.357269,0.318697,-1.61181,-2.84393,3.37349,8.70831,53,0,49,1294,94,1593
4.68117, -0,-0,-0, 0,0,0,0,0,0, 0.357094,0.318523,-1.61199,-2.84393,3.37349,8.70831,54,0,49,1294,103,1597
4.69008, -0,-0,-0, 0,0,0,0,0,0, 0.357094,0.318523,-1.61216,-2.84393,3.37349,8.63966,53,0,49,1292,96,1593
4.7001, -0,-0,-0, 0,0,0,0,0,0, 0.357094,0.318523,-1.61251,-2.84393,3.37349,8.60043,53,0,49,1297,104,1599
4.71007, -0,-0,-0, 0,0,0,0,0,0, 0.357094,0.318523,-1.61251,-2.84393,3.37349,8.60043,53,0,49,1297,104,1599
4.72013, -0,-0,-0, 0,0,0,0,0,0, 0.357094,0.318523,-1.61268,-2.84393,3.33426,8.5514,53,0,49,1301,93,1591
4.7321, -0,-0,-0, 0,0,0,0,0,0, 0.357094,0.318348,-1.61303,-2.84393,3.33426,8.66908,53,1050,49,1295,103,1596
4.74012, -0,-0,-0, 0,0,0,0,0,0, 0.357094,0.318348,-1.61338,-2.84393,3.33426,8.66908,53,0,49,1294,99,1593
4.75075, -0,-0,-0, 0,0,0,0,0,0, 0.357094,0.318174,-1.61356,-2.84393,3.33426,8.66908,53,0,49,1295,102,1592
4.76014, -0,-0,-0, 0,0,0,0,0,0, 0.357269,0.317999,-1.61373,-2.84393,3.33426,8.5514,52,0,49,1302,96,1595
4.77015, -0,-0,-0, 0,0,0,0,0,0, 0.357269,0.317999,-1.61391,-2.88316,3.37349,8.63966,54,0,49,1288,93,1595
4.78348, -0,-0,-0, 0,0,0,0,0,0, 0.357269,0.317824,-1.61425,-2.88316,3.33426,8.60043,53,907,48,1299,100,1602
4.79015, -0,-0,-0, 0,0,0,0,0,0, 0.357443,0.31765,-1.61443,-2.84393,3.37349,8.66908,53,0,49,1293,93,1595
4.80038, -0,-0,-0, 0,0,0,0,0,0, 0.357443,0.31765,-1.61443,-2.84393,3.37349,8.66908,53,0,49,1293,93,1595
4.81015, -0,-0,-0, 0,0,0,0,0,0, 0.357618,0.317475,-1.61478,-2.88316,3.37349,8.63966,53,939,49,1293,105,1599
4.82014, -0,-0,-0, 0,0,0,0,0,0, 0.357618,0.317475,-1.61478,-2.88316,3.37349,8.63966,53,939,49,1293,105,1599
4.83072, -0,-0,-0, 0,0,0,0,0,0, 0.357618,0.317301,-1.61495,-2.88316,3.37349,8.60043,53,937,49,1287,100,1604
4.84023, -0,-0,-0, 0,0,0,0,0,0, 0.357792,0.317126,-1.61513,-2.84393,3.37349,8.63966,54,936,49,1284,110,1597
4.85017, -0,-0,-0, 0,0,0,0,0,0, 0.357967,0.316952,-1.6153,-2.84393,3.37349,8.66908,53,0,48,1285,100,1605
4.86009, -0,-0,-0, 0,0,0,0,0,0, 0.357967,0.316952,-1.61548,-2.84393,3.37349,8.60043,53,1117,49,1288,107,1612
4.87014, -0,-0,-0, 0,0,0,0,0,0, 0.358142,0.316777,-1.61565,-2.84393,3.37349,8.60043,52,1117,49,1290,100,1611
4.88276, -0,-0,-0, 0,0,0,0,0,0, 0.358142,0.316777,-1.61565,-2.84393,3.37349,8.60043,54,1118,49,1289,102,1611
4.89012, -0,-0,-0, 0,0,0,0,0,0, 0.358142,0.316603,-1.61565,-2.84393,3.41271,8.63966,53,0,48,1287,96,1603
4.90016, -0,-0,-0, 0,0,0,0,0,0, 0.358142,0.316603,-1.61583,-2.8047,3.41271,8.62985,53,0,48,1283,97,1607
4.91011, -0,-0,-0, 0,0,0,0,0,0, 0.358142,0.316428,-1.61583,-2.84393,3.41271,8.60043,53,1105,48,1282,103,1610
4.92008, -0,-0,-0, 0,0,0,0,0,0, 0.358142,0.316428,-1.61583,-2.8047,3.45194,8.5514,53,0,48,1287,99,1611
4.93177, -0,-0,-0, 0,0,0,0,0,0, 0.358142,0.316428,-1.61583,-2.8047,3.45194,8.5514,53,0,48,1287,99,1611
4.94008, -0,-0,-0, 0,0,0,0,0,0, 0.358142,0.316428,-1.61583,-2.84393,3.41271,8.60043,54,0,49,1290,97,1605
4.95015, -0,-0,-0, 0,0,0,0,0,0, 0.357967,0.316428,-1.61583,-2.8047,3.41271,8.66908,54,0,49,1277,100,1605
4.9601, -0,-0,-0, 0,0,0,0,0,0, 0.357967,0.316428,-1.61583,-2.8047,3.41271,8.62985,54,0,48,1284,95,1603
4.9702, -0,-0,-0, 0,0,0,0,0,0, 0.357792,0.316603,-1.61583,-2.8047,3.41271,8.62985,54,0,49,1289,107,1606
4.98292, -0,-0,-0, 0,0,0,0,0,0, 0.357792,0.316603,-1.61583,-2.8047,3.41271,8.62985,54,0,48,1287,93,1606
4.99007, -0,-0,-0, 0,0,0,0,0,0, 0.357618,0.316603,-1.61583,-2.8047,3.37349,8.62985,54,0,49,1291,103,1602
5.00011, -0,-0,-0, 0,0,0,0,0,0, 0.357443,0.316777,-1.61565,-2.8047,3.41271,8.59063,53,0,49,1288,98,1601
5.01012, -0,-0,-0, 0,0,0,0,0,0, 0.357269,0.316777,-1.61565,-2.8047,3.41271,8.62985,53,0,49,1299,94,1593
5.02013, -0,-0,-0, 0,0,0,0,0,0, 0.357094,0.316952,-1.61565,-2.8047,3.37349,8.59063,54,0,49,1292,94,1589
5.03187, -0,-0,-0, 0,0,0,0,0,0, 0.357094,0.316952,-1.61565,-2.8047,3.37349,8.59063,54,0,49,1292,94,1589
5.04008, -0,-0,-0, 0,0,0,0,0,0, 0.356745,0.317126,-1.61548,-2.84393,3.37349,8.60043,53,0,49,1290,101,1590
5.05015, -0,-0,-0, 0,0,0,0,0,0, 0.356745,0.317126,-1.61548,-2.84393,3.37349,8.60043,53,0,49,1290,101,1590
5.06011, -0,-0,-0, 0,0,0,0,0,0, 0.356396,0.317301,-1.61548,-2.84393,3.37349,8.66908,53,934,49,1294,104,1586
5.07013, -0,-0,-0, 0,0,0,0,0,0, 0.356222,0.317475,-1.6153,-2.84393,3.41271,8.66908,52,0,49,1292,95,1583
5.0819, -0,-0,-0, 0,0,0,0,0,0, 0.355873,0.31765,-1.6153,-2.84393,3.37349,8.60043,53,0,49,1296,95,1582
5.09012, -0,-0,-0, 0,0,0,0,0,0, 0.355698,0.317824,-1.6153,-2.84393,3.37349,8.60043,53,0,49,1299,96,1583
5.10009, -0,-0,-0, 0,0,0,0,0,0, 0.355524,0.317824,-1.61513,-2.8047,3.37349,8.62985,53,0,49,1297,98,1576
5.11009, -0,-0,-0, 0,0,0,0,0,0, 0.355349,0.317999,-1.61513,-2.8047,3.33426,8.62985,53,0,49,1301,100,1570
5.12008, -0,-0,-0, 0,0,0,0,0,0, 0.355175,0.318174,-1.61513,-2.8047,3.33426,8.62985,53,0,49,1302,92,1566
5.13125, -0,-0,-0, 0,0,0,0,0,0, 0.355,0.318348,-1.61495,-2.84393,3.33426,8.63966,54,0,49,1303,93,1562
5.14013, -0,-0,-0, 0,0,0,0,0,0, 0.355,0.318348,-1.61495,-2.84393,3.33426,8.63966,53,0,49,1300,94,1566
5.1502, -0,-0,-0, 0,0,0,0,0,0, 0.355,0.318348,-1.61495,-2.84393,3.33426,8.63966,53,0,49,1300,94,1566
5.16015, -0,-0,-0, 0,0,0,0,0,0, 0.354825,0.318523,-1.61478,-2.84393,3.33426,8.60043,52,0,50,1309,96,1568
5.17013, -0,-0,-0, 0,0,0,0,0,0, 0.354651,0.318697,-1.61478,-2.88316,3.33426,8.63966,53,0,50,1309,98,1569
5.18297, -0,-0,-0, 0,0,0,0,0,0, 0.354476,0.318697,-1.61478,-2.88316,3.33426,8.63966,53,0,50,1300,97,1554
5.19012, -0,-0,-0, 0,0,0,0,0,0, 0.354302,0.318872,-1.6146,-2.84393,3.33426,8.60043,53,0,49,1313,96,1561
5.20015, -0,-0,-0, 0,0,0,0,0,0, 0.354127,0.318872,-1.6146,-2.84393,3.37349,8.63966,52,0,50,1312,88,1551
5.21007, -0,-0,-0, 0,0,0,0,0,0, 0.354127,0.318872,-1.6146,-2.84393,3.37349,8.60043,53,0,50,1310,96,1553
5.2201, -0,-0,-0, 0,0,0,0,0,0, 0.353953,0.318872,-1.6146,-2.88316,3.37349,8.5514,52,0,50,1302,93,1556
5.23014, -0,-0,-0, 0,0,0,0,0,0, 0.353778,0.318872,-1.61443,-2.88316,3.37349,8.60043,53,0,49,1309,97,1548
5.2401, -0,-0,-0, 0,0,0,0,0,0, 0.353778,0.318872,-1.61443,-2.84393,3.37349,8.63966,53,0,50,1311,93,1550
5.25004, -0,-0,-0, 0,0,0,0,0,0, 0.353604,0.318872,-1.61443,-2.84393,3.37349,8.63966,53,0,50,1311,93,1550
5.26008, -0,-0,-0, 0,0,0,0,0,0, 0.353604,0.318872,-1.61443,-2.88316,3.37349,8.63966,53,0,49,1309,94,1553
5.27017, -0,-0,-0, 0,0,0,0,0,0, 0.353604,0.318872,-1.61443,-2.88316,3.37349,8.63966,53,0,49,1309,94,1553
5.2822, -0,-0,-0, 0,0,0,0,0,0, 0.353604,0.318872,-1.61443,-2.84393,3.37349,8.63966,53,0,49,1307,88,1548
5.29014, -0,-0,-0, 0,0,0,0,0,0, 0.353429,0.318697,-1.61443,-2.84393,3.37349,8.66908,53,0,50,1309,101,1549
5.30014, -0,-0,-0, 0,0,0,0,0,0, 0.353429,0.318697,-1.6146,-2.84393,3.33426,8.66908,53,0,49,1312,96,1550
5.31012, -0,-0,-0, 0,0,0,0,0,0, 0.353604,0.318523,-1.6146,-2.84393,3.33426,8.66908,53,0,49,1308,95,1549
5.32012, -0,-0,-0, 0,0,0,0,0,0, 0.353604,0.318523,-1.6146,-2.84393,3.33426,8.63966,52,0,49,1301,93,1551
5.33074, -0,-0,-0, 0,0,0,0,0,0, 0.353604,0.318523,-1.6146,-2.84393,3.33426,8.63966,53,0,49,1308,100,1554
5.34009, -0,-0,-0, 0,0,0,0,0,0, 0.353604,0.318348,-1.61478,-2.84393,3.33426,8.63966,53,0,49,1304,104,1559
5.35015, -0,-0,-0, 0,0,0,0,0,0, 0.353778,0.318348,-1.61478,-2.84393,3.33426,8.63966,53,0,49,1305,97,1561
5.36008, -0,-0,-0, 0,0,0,0,0,0, 0.353778,0.318348,-1.61478,-2.8047,3.33426,8.70831,53,0,49,1309,97,1551
5.37009, -0,-0,-0, 0,0,0,0,0,0, 0.353953,0.318174,-1.61495,-2.84393,3.33426,8.66908,53,0,50,1309,97,1551
5.38093, -0,-0,-0, 0,0,0,0,0,0, 0.353953,0.318174,-1.61495,-2.84393,3.33426,8.66908,53,0,50,1309,95,1553
5.39012, -0,-0,-0, 0,0,0,0,0,0, 0.354127,0.318174,-1.61513,-2.84393,3.33426,8.63966,52,0,50,1302,95,1559
5.40017, -0,-0,-0, 0,0,0,0,0,0, 0.354127,0.317999,-1.61513,-2.84393,3.33426,8.60043,53,0,50,1306,100,1560
5.41011, -0,-0,-0, 0,0,0,0,0,0, 0.354302,0.317999,-1.6153,-2.84393,3.37349,8.63966,54,0,49,1301,92,1558
5.42009, -0,-0,-0, 0,0,0,0,0,0, 0.354302,0.317999,-1.6153,-2.84393,3.33426,8.63966,53,0,50,1306,102,1564
5.43116, -0,-0,-0, 0,0,0,0,0,0, 0.354476,0.317824,-1.6153,-2.84393,3.37349,8.63966,53,0,49,1304,99,1560
5.44009, -0,-0,-0, 0,0,0,0,0,0, 0.354476,0.317824,-1.61548,-2.84393,3.41271,8.66908,53,0,49,1298,105,1568
5.45021, -0,-0,-0, 0,0,0,0,0,0, 0.354651,0.317999,-1.61548,-2.84393,3.41271,8.70831,53,921,49,1298,103,1567
5.46014, -0,-0,-0, 0,0,0,0,0,0, 0.354651,0.317999,-1.61548,-2.84393,3.41271,8.74753,52,0,49,1298,86,1561
5.4701, -0,-0,-0, 0,0,0,0,0,0, 0.354651,0.318174,-1.61565,-2.8047,3.41271,8.70831,54,948,50,1310,100,1563
5.48228, -0,-0,-0, 0,0,0,0,0,0, 0.354651,0.318174,-1.61565,-2.8047,3.41271,8.70831,54,948,50,1310,100,1563
5.49012, -0,-0,-0, 0,0,0,0,0,0, 0.354651,0.318348,-1.61565,-2.8047,3.37349,8.62985,53,0,50,1299,91,1561
5.50058, -0,-0,-0, 0,0,0,0,0,0, 0.354651,0.318523,-1.61565,-2.76548,3.37349,8.62985,53,0,49,1316,95,1566
5.51023, -0,-0,-0, 0,0,0,0,0,0, 0.354651,0.318872,-1.61583,-2.8047,3.37349,8.51217,52,0,49,1316,96,1558
5.52015, -0,-0,-0, 0,0,0,0,0,0, 0.354476,0.319046,-1.61583,-2.8047,3.41271,8.51217,53,0,49,1313,94,1561
5.53047, -0,-0,-0, 0,0,0,0,0,0, 0.354476,0.319221,-1.61583,-2.8047,3.37349,8.56121,53,0,49,1320,96,1564
5.5401, -0,-0,-0, 0,0,0,0,0,0, 0.354302,0.31957,-1.61583,-2.84393,3.41271,8.60043,52,0,50,1318,102,1555
5.5501, -0,-0,-0, 0,0,0,0,0,0, 0.354127,0.319744,-1.61583,-2.88316,3.41271,8.63966,52,0,49,1320,90,1556
5.56013, -0,-0,-0, 0,0,0,0,0,0, 0.353953,0.319919,-1.61583,-2.88316,3.41271,8.63966,52,0,49,1316,85,1553
5.57009, -0,-0,-0, 0,0,0,0,0,0, 0.353778,0.320268,-1.61583,-2.88316,3.37349,8.63966,53,0,50,1328,96,1551
5.58029, -0,-0,-0, 0,0,0,0,0,0, 0.353778,0.320268,-1.61583,-2.88316,3.37349,8.63966,53,0,50,1328,96,1551
5.59014, -0,-0,-0, 0,0,0,0,0,0, 0.353429,0.320792,-1.61583,-2.92238,3.33426,8.63966,53,0,49,1333,91,1551
5.60028, -0,-0,-0, 0,0,0,0,0,0, 0.353429,0.320792,-1.61583,-2.92238,3.33426,8.63966,53,0,49,1333,91,1551
5.61017, -0,-0,-0, 0,0,0,0,0,0, 0.353255,0.320966,-1.61583,-2.88316,3.33426,8.60043,52,0,50,1331,96,1541
5.62013, -0,-0,-0, 0,0,0,0,0,0, 0.352906,0.32149,-1.61565,-2.84393,3.33426,8.52198,52,0,50,1332,89,1541
5.63026, -0,-0,-0, 0,0,0,0,0,0, 0.352731,0.321664,-1.61565,-2.88316,3.33426,8.5514,52,0,50,1334,93,1538
5.64013, -0,-0,-0, 0,0,0,0,0,0, 0.352556,0.321839,-1.61548,-2.88316,3.33426,8.5514,52,0,50,1344,90,1538
5.65017, -0,-0,-0, 0,0,0,0,0,0, 0.352382,0.322013,-1.61548,-2.92238,3.33426,8.74753,52,0,49,1342,91,1535
5.6601, -0,-0,-0, 0,0,0,0,0,0, 0.352207,0.322188,-1.61548,-2.92238,3.29503,8.74753,53,0,50,1345,82,1538
5.67015, -0,-0,-0, 0,0,0,0,0,0, 0.352207,0.322362,-1.6153,-2.92238,3.33426,8.70831,52,0,50,1349,99,1533
5.68191, -0,-0,-0, 0,0,0,0,0,0, 0.352033,0.322537,-1.6153,-2.92238,3.29503,8.63966,53,0,50,1346,93,1531
5.69009, -0,-0,-0, 0,0,0,0,0,0, 0.352033,0.322711,-1.6153,-2.88316,3.29503,8.52198,52,0,50,1346,95,1534
5.70001, -0,-0,-0, 0,0,0,0,0,0, 0.352033,0.322711,-1.6153,-2.88316,3.29503,8.52198,52,0,50,1346,95,1534
5.7101, -0,-0,-0, 0,0,0,0,0,0, 0.351858,0.322886,-1.6153,-2.88316,3.29503,8.5514,52,0,50,1343,87,1529
5.7201, -0,-0,-0, 0,0,0,0,0,0, 0.351858,0.32306,-1.6153,-2.88316,3.29503,8.60043,52,0,50,1345,95,1529
5.73157, -0,-0,-0, 0,0,0,0,0,0, 0.351684,0.323235,-1.61513,-2.88316,3.29503,8.5514,52,0,50,1347,95,1527
5.74008, -0,-0,-0, 0,0,0,0,0,0, 0.351684,0.323235,-1.61513,-2.92238,3.33426,8.52198,52,0,50,1348,86,1521
5.75017, -0,-0,-0, 0,0,0,0,0,0, 0.351509,0.323235,-1.61495,-2.92238,3.37349,8.5514,52,0,50,1349,96,1528
5.76013, -0,-0,-0, 0,0,0,0,0,0, 0.351509,0.323235,-1.61495,-2.92238,3.33426,8.63966,52,0,50,1354,96,1527
5.77004, -0,-0,-0, 0,0,0,0,0,0, 0.351335,0.32306,-1.61478,-2.92238,3.33426,8.66908,52,0,50,1354,96,1527
5.78261, -0,-0,-0, 0,0,0,0,0,0, 0.351335,0.32306,-1.61478,-2.92238,3.33426,8.63966,52,0,50,1348,88,1523
5.79011, -0,-0,-0, 0,0,0,0,0,0, 0.351335,0.32306,-1.61478,-2.92238,3.37349,8.60043,52,0,50,1348,88,1523
5.80013, -0,-0,-0, 0,0,0,0,0,0, 0.35116,0.32306,-1.6146,-2.92238,3.37349,8.5514,52,0,50,1348,90,1522
5.81023, -0,-0,-0, 0,0,0,0,0,0, 0.35116,0.32306,-1.6146,-2.92238,3.37349,8.63966,52,0,50,1352,93,1521
5.82011, -0,-0,-0, 0,0,0,0,0,0, 0.35116,0.32306,-1.6146,-2.92238,3.37349,8.63966,52,0,50,1352,93,1521
5.83273, -0,-0,-0, 0,0,0,0,0,0, 0.35116,0.32306,-1.6146,-2.92238,3.33426,8.63966,52,0,51,1355,89,1528
5.84016, -0,-0,-0, 0,0,0,0,0,0, 0.350986,0.32306,-1.61443,-2.88316,3.33426,8.60043,52,0,50,1349,97,1521
5.85015, -0,-0,-0, 0,0,0,0,0,0, 0.350986,0.32306,-1.61443,-2.88316,3.37349,8.60043,53,0,50,1353,94,1524
5.86011, -0,-0,-0, 0,0,0,0,0,0, 0.350986,0.32306,-1.61425,-2.88316,3.33426,8.60043,52,0,50,1357,99,1523
5.87009, -0,-0,-0, 0,0,0,0,0,0, 0.350986,0.32306,-1.61425,-2.84393,3.33426,8.63966,52,0,50,1351,98,1518
5.8813, -0,-0,-0, 0,0,0,0,0,0, 0.350986,0.32306,-1.61425,-2.84393,3.29503,8.66908,52,0,50,1353,88,1520
5.89012, -0,-0,-0, 0,0,0,0,0,0, 0.350811,0.32306,-1.61408,-2.84393,3.29503,8.66908,52,0,50,1345,91,1519
5.90009, -0,-0,-0, 0,0,0,0,0,0, 0.350811,0.32306,-1.61408,-2.84393,3.29503,8.66908,52,0,50,1345,91,1519
5.91013, -0,-0,-0, 0,0,0,0,0,0, 0.350811,0.32306,-1.61391,-2.84393,3.25581,8.60043,53,0,50,1352,94,1516
5.92022, -0,-0,-0, 0,0,0,0,0,0, 0.350637,0.32306,-1.61391,-2.88316,3.25581,8.66908,52,0,50,1345,93,1517
5.93133, -0,-0,-0, 0,0,0,0,0,0, 0.350637,0.32306,-1.61391,-2.88316,3.25581,8.66908,52,0,50,1345,93,1517
5.94012, -0,-0,-0, 0,0,0,0,0,0, 0.350637,0.32306,-1.61373,-2.84393,3.29503,8.70831,52,0,50,1351,95,1511
5.95014, -0,-0,-0, 0,0,0,0,0,0, 0.350637,0.32306,-1.61373,-2.84393,3.29503,8.63966,52,0,50,1348,95,1517
5.96008, -0,-0,-0, 0,0,0,0,0,0, 0.350462,0.32306,-1.61356,-2.84393,3.29503,8.60043,52,0,49,1346,95,1514
5.97012, -0,-0,-0, 0,0,0,0,0,0, 0.350462,0.32306,-1.61356,-2.88316,3.29503,8.5514,52,0,50,1348,93,1517
5.98147, -0,-0,-0, 0,0,0,0,0,0, 0.350462,0.322886,-1.61356,-2.92238,3.33426,8.63966,52,0,50,1345,88,1517
5.99012, -0,-0,-0, 0,0,0,0,0,0, 0.350462,0.322886,-1.61356,-2.88316,3.29503,8.63966,52,0,50,1355,103,1516
6.00016, -0,-0,-0, 0,0,0,0,0,0, 0.350462,0.322886,-1.61356,-2.88316,3.33426,8.63966,52,0,50,1344,89,1516
6.01008, -0,-0,-0, 0,0,0,0,0,0, 0.350462,0.322711,-1.61338,-2.92238,3.33426,8.60043,52,0,50,1347,87,1514
6.02009, -0,-0,-0, 0,0,0,0,0,0, 0.350462,0.322537,-1.61338,-2.92238,3.33426,8.60043,52,0,50,1342,93,1519
6.03179, -0,-0,-0, 0,0,0,0,0,0, 0.350462,0.322537,-1.61338,-2.92238,3.33426,8.60043,52,0,50,1342,93,1519
6.04012, -0,-0,-0, 0,0,0,0,0,0, 0.350462,0.322537,-1.61338,-2.92238,3.33426,8.63966,52,0,50,1343,91,1514
6.05024, -0,-0,-0, 0,0,0,0,0,0, 0.350637,0.322362,-1.61338,-2.92238,3.33426,8.5514,52,0,50,1338,96,1520
6.06008, -0,-0,-0, 0,0,0,0,0,0, 0.350637,0.322013,-1.61338,-2.88316,3.33426,8.48275,52,0,50,1338,89,1518
6.0703, -0,-0,-0, 0,0,0,0,0,0, 0.350637,0.321839,-1.61338,-2.92238,3.33426,8.48275,52,0,50,1328,98,1522
6.08191, -0,-0,-0, 0,0,0,0,0,0, 0.350637,0.32149,-1.61338,-2.92238,3.33426,8.5514,52,0,50,1334,107,1517
6.09014, -0,-0,-0, 0,0,0,0,0,0, 0.350637,0.321315,-1.61338,-2.92238,3.37349,8.63966,52,0,50,1330,90,1520
6.10016, -0,-0,-0, 0,0,0,0,0,0, 0.350637,0.321141,-1.61338,-2.88316,3.37349,8.70831,52,1007,51,1333,104,1518
6.11009, -0,-0,-0, 0,0,0,0,0,0, 0.350637,0.320792,-1.61321,-2.92238,3.37349,8.70831,52,0,50,1320,92,1516
6.12014, -0,-0,-0, 0,0,0,0,0,0, 0.350637,0.320617,-1.61321,-2.88316,3.37349,8.66908,52,0,50,1322,94,1522
6.13096, -0,-0,-0, 0,0,0,0,0,0, 0.350637,0.320617,-1.61321,-2.88316,3.37349,8.66908,52,0,50,1322,94,1522
6.14012, -0,-0,-0, 0,0,0,0,0,0, 0.350811,0.320268,-1.61321,-2.8047,3.29503,8.66908,53,0,50,1324,95,1522
6.15013, -0,-0,-0, 0,0,0,0,0,0, 0.350811,0.320268,-1.61321,-2.8047,3.29503,8.66908,53,0,50,1324,95,1522
6.16013, -0,-0,-0, 0,0,0,0,0,0, 0.350811,0.320268,-1.61338,-2.8047,3.29503,8.66908,52,0,50,1320,92,1523
6.17008, -0,-0,-0, 0,0,0,0,0,0, 0.350986,0.319919,-1.61338,-2.8047,3.29503,8.66908,52,0,50,1320,86,1529
6.18153, -0,-0,-0, 0,0,0,0,0,0, 0.350986,0.319744,-1.61338,-2.8047,3.29503,8.66908,53,0,50,1320,93,1530
6.19009, -0,-0,-0, 0,0,0,0,0,0, 0.350986,0.319744,-1.61338,-2.84393,3.29503,8.70831,52,0,50,1324,86,1527
6.20033, -0,-0,-0, 0,0,0,0,0,0, 0.35116,0.31957,-1.61356,-2.8047,3.25581,8.74753,53,0,50,1323,92,1534
6.2101, -0,-0,-0, 0,0,0,0,0,0, 0.35116,0.31957,-1.61356,-2.8047,3.25581,8.74753,52,0,50,1320,96,1533
6.22014, -0,-0,-0, 0,0,0,0,0,0, 0.351335,0.31957,-1.61356,-2.8047,3.29503,8.70831,53,0,50,1314,89,1533
6.23016, -0,-0,-0, 0,0,0,0,0,0, 0.351335,0.319395,-1.61356,-2.84393,3.25581,8.70831,53,0,50,1313,94,1529
6.24013, -0,-0,-0, 0,0,0,0,0,0, 0.351509,0.319395,-1.61356,-2.84393,3.29503,8.63966,53,0,50,1316,88,1534
6.25006, -0,-0,-0, 0,0,0,0,0,0, 0.351509,0.319395,-1.61373,-2.84393,3.29503,8.66908,52,0,50,1316,88,1534
6.26011, -0,-0,-0, 0,0,0,0,0,0, 0.351509,0.319395,-1.61373,-2.84393,3.29503,8.66908,52,0,50,1320,101,1539
6.2701, -0,-0,-0, 0,0,0,0,0,0, 0.351684,0.319395,-1.61373,-2.84393,3.33426,8.66908,52,0,50,1317,92,1535
6.28123, -0,-0,-0, 0,0,0,0,0,0, 0.351858,0.319221,-1.61373,-2.84393,3.33426,8.63966,53,0,50,1322,87,1534
6.29011, -0,-0,-0, 0,0,0,0,0,0, 0.352033,0.319221,-1.61373,-2.84393,3.33426,8.63966,53,0,49,1311,92,1539
6.3001, -0,-0,-0, 0,0,0,0,0,0, 0.352033,0.319221,-1.61373,-2.88316,3.33426,8.60043,53,0,50,1315,91,1545
6.31011, -0,-0,-0, 0,0,0,0,0,0, 0.352033,0.319221,-1.61373,-2.84393,3.37349,8.5514,53,0,50,1317,93,1546
6.3201, -0,-0,-0, 0,0,0,0,0,0, 0.352207,0.319221,-1.61373,-2.84393,3.37349,8.5514,52,0,50,1306,103,1540
6.33022, -0,-0,-0, 0,0,0,0,0,0, 0.352207,0.319221,-1.61373,-2.88316,3.37349,8.63966,53,0,50,1317,93,1542
6.34012, -0,-0,-0, 0,0,0,0,0,0, 0.352207,0.319221,-1.61373,-2.84393,3.37349,8.66908,52,0,50,1312,92,1546
6.35017, -0,-0,-0, 0,0,0,0,0,0, 0.352382,0.319221,-1.61373,-2.88316,3.37349,8.66908,53,0,50,1308,96,1540
6.36003, -0,-0,-0, 0,0,0,0,0,0, 0.352382,0.319221,-1.61373,-2.88316,3.37349,8.63966,53,0,50,1317,98,1538
6.37009, -0,-0,-0, 0,0,0,0,0,0, 0.352382,0.319221,-1.61373,-2.88316,3.37349,8.63966,53,0,50,1317,98,1538
6.3801, -0,-0,-0, 0,0,0,0,0,0, 0.352382,0.319221,-1.61373,-2.88316,3.41271,8.63966,53,0,49,1313,94,1538
6.39008, -0,-0,-0, 0,0,0,0,0,0, 0.352556,0.319395,-1.61373,-2.84393,3.33426,8.63966,52,0,49,1320,89,1549
6.40013, -0,-0,-0, 0,0,0,0,0,0, 0.352556,0.319395,-1.61373,-2.84393,3.37349,8.60043,53,0,50,1319,88,1545
6.41013, -0,-0,-0, 0,0,0,0,0,0, 0.352731,0.319395,-1.61373,-2.84393,3.37349,8.63966,53,0,49,1324,89,1548
6.42012, -0,-0,-0, 0,0,0,0,0,0, 0.352906,0.31957,-1.61373,-2.84393,3.33426,8.60043,53,0,50,1322,91,1550
6.43166, -0,-0,-0, 0,0,0,0,0,0, 0.352906,0.31957,-1.61373,-2.84393,3.33426,8.66908,52,0,49,1323,92,1549
6.44011, -0,-0,-0, 0,0,0,0,0,0, 0.35308,0.31957,-1.61373,-2.84393,3.33426,8.63966,52,0,50,1323,90,1556
6.45016, -0,-0,-0, 0,0,0,0,0,0, 0.35308,0.31957,-1.61391,-2.84393,3.29503,8.66908,53,0,50,1326,99,1555
6.46012, -0,-0,-0, 0,0,0,0,0,0, 0.353255,0.31957,-1.61391,-2.88316,3.33426,8.66908,52,0,50,1323,88,1556
6.47001, -0,-0,-0, 0,0,0,0,0,0, 0.353255,0.319744,-1.61391,-2.84393,3.33426,8.66908,52,0,49,1323,88,1556
6.48051, -0,-0,-0, 0,0,0,0,0,0, 0.353255,0.319744,-1.61391,-2.84393,3.33426,8.66908,52,0,49,1321,97,1550
6.4901, -0,-0,-0, 0,0,0,0,0,0, 0.353429,0.319744,-1.61391,-2.84393,3.33426,8.66908,53,0,49,1313,98,1557
6.50013, -0,-0,-0, 0,0,0,0,0,0, 0.353604,0.319744,-1.61408,-2.88316,3.29503,8.66908,53,0,49,1322,98,1558
6.51009, -0,-0,-0, 0,0,0,0,0,0, 0.353953,0.319744,-1.61408,-2.84393,3.29503,8.60043,53,0,49,1318,90,1558
6.52008, -0,-0,-0, 0,0,0,0,0,0, 0.354127,0.319744,-1.61408,-2.88316,3.33426,8.5514,53,0,49,1319,96,1569
6.53019, -0,-0,-0, 0,0,0,0,0,0, 0.354127,0.319744,-1.61408,-2.88316,3.33426,8.60043,53,0,49,1319,93,1562
6.54012, -0,-0,-0, 0,0,0,0,0,0, 0.354302,0.319744,-1.61408,-2.88316,3.37349,8.60043,53,0,49,1322,99,1560
6.55014, -0,-0,-0, 0,0,0,0,0,0, 0.354302,0.319744,-1.61408,-2.84393,3.41271,8.63966,53,0,49,1322,101,1572
6.56009, -0,-0,-0, 0,0,0,0,0,0, 0.354476,0.319744,-1.61408,-2.84393,3.41271,8.63966,53,0,50,1316,98,1572
6.57011, -0,-0,-0, 0,0,0,0,0,0, 0.354651,0.319744,-1.61408,-2.84393,3.37349,8.60043,52,0,49,1314,89,1570
6.58208, -0,-0,-0, 0,0,0,0,0,0, 0.354651,0.319744,-1.61408,-2.84393,3.37349,8.60043,52,0,49,1314,89,1570
6.59012, -0,-0,-0, 0,0,0,0,0,0, 0.354825,0.319744,-1.61391,-2.88316,3.41271,8.60043,53,0,49,1317,98,1570
6.6002, -0,-0,-0, 0,0,0,0,0,0, 0.354825,0.319744,-1.61391,-2.88316,3.41271,8.5514,52,0,49,1317,99,1568
6.61012, -0,-0,-0, 0,0,0,0,0,0, 0.354825,0.319744,-1.61391,-2.88316,3.41271,8.5514,52,0,50,1316,99,1573
