time stamp, twistx, twisty, twistz, omega_l, omega_r, omega_m, omega_l, omega_r, omega_m, roll, pitch, yaw, accl_x, accl_y, accl_z, dis_m, dis_r, dis_l, str_m, str_r, str_l
0.0101321, -0,-0,-0, 0,0,0,0,0,0, 0.0115192,0.516792,-1.6146,-4.87391,0.0392266,8.43372,20,376,354,2096,476,1132
0.0237091, -0,-0,-0, 0,0,0,0,0,0, 0.0116937,0.516268,-1.6146,-4.83468,0.156906,8.60043,20,375,354,2105,465,1124
0.0301852, -0,-0,-0, 0,0,0,0,0,0, 0.0118682,0.516094,-1.6146,-4.83468,0.156906,8.70831,20,375,354,2100,470,1131
0.0402722, -0,-0,-0, 0,0,0,0,0,0, 0.0120428,0.515919,-1.6146,-4.83468,0.156906,8.70831,20,376,353,2094,470,1128
0.0501678, -0,-0,-0, 0,0,0,0,0,0, 0.0120428,0.515745,-1.6146,-4.79545,0.156906,8.63966,20,376,354,2095,464,1123
0.0601933, -0,-0,-0, 0,0,0,0,0,0, 0.0122173,0.51557,-1.61443,-4.79545,0.196133,8.51217,20,376,354,2094,472,1127
0.0701301, -0,-0,-0, 0,0,0,0,0,0, 0.0122173,0.515396,-1.61443,-4.75623,0.196133,8.51217,20,377,354,2092,463,1126
0.0801368, -0,-0,-0, 0,0,0,0,0,0, 0.0122173,0.515221,-1.61425,-4.79545,0.196133,8.59063,20,378,354,2091,466,1131
0.0902321, -0,-0,-0, 0,0,0,0,0,0, 0.0123918,0.515221,-1.61425,-4.83468,0.196133,8.62985,20,376,354,2096,472,1131
0.100115, -0,-0,-0, 0,0,0,0,0,0, 0.0123918,0.515047,-1.61408,-4.83468,0.196133,8.62985,19,376,355,2096,474,1125
0.110292, -0,-0,-0, 0,0,0,0,0,0, 0.0123918,0.514872,-1.61408,-4.83468,0.196133,8.59063,20,374,354,2089,473,1131
0.122127, -0,-0,-0, 0,0,0,0,0,0, 0.0123918,0.514872,-1.61408,-4.83468,0.196133,8.59063,20,374,354,2089,473,1131
0.130122, -0,-0,-0, 0,0,0,0,0,0, 0.0125664,0.514872,-1.61408,-4.83468,0.156906,8.48275,20,375,354,2092,472,1131
0.140424, -0,-0,-0, 0,0,0,0,0,0, 0.0125664,0.514872,-1.61408,-4.79545,0.156906,8.52198,20,376,353,2090,472,1136
0.150321, -0,-0,-0, 0,0,0,0,0,0, 0.0125664,0.514698,-1.61408,-4.83468,0.156906,8.5514,20,376,354,2083,466,1131
0.160154, -0,-0,-0, 0,0,0,0,0,0, 0.0127409,0.514698,-1.61408,-4.83468,0.156906,8.5514,20,377,355,2089,463,1129
0.170889, -0,-0,-0, 0,0,0,0,0,0, 0.0127409,0.514698,-1.61408,-4.91313,0.156906,8.5514,20,380,354,2092,481,1132
0.180126, -0,-0,-0, 0,0,0,0,0,0, 0.0127409,0.514698,-1.61408,-4.87391,0.156906,8.5514,20,378,354,2086,472,1132
0.190115, -0,-0,-0, 0,0,0,0,0,0, 0.0127409,0.514698,-1.61408,-4.87391,0.11768,8.5514,20,375,354,2087,472,1136
0.200126, -0,-0,-0, 0,0,0,0,0,0, 0.0127409,0.514698,-1.61391,-4.83468,0.156906,8.48275,20,376,353,2094,470,1127
0.210072, -0,-0,-0, 0,0,0,0,0,0, 0.0129154,0.514698,-1.61391,-4.83468,0.156906,8.48275,20,376,354,2093,471,1132
0.220945, -0,-0,-0, 0,0,0,0,0,0, 0.0129154,0.514698,-1.61391,-4.83468,0.156906,8.48275,20,376,354,2093,471,1132
0.230117, -0,-0,-0, 0,0,0,0,0,0, 0.0129154,0.514872,-1.61408,-4.83468,0.156906,8.52198,20,376,354,2084,464,1129
0.240137, -0,-0,-0, 0,0,0,0,0,0, 0.0129154,0.514872,-1.61408,-4.79545,0.196133,8.56121,20,377,354,2083,454,1126
0.250113, -0,-0,-0, 0,0,0,0,0,0, 0.01309,0.514872,-1.61408,-4.87391,0.196133,8.51217,20,376,354,2087,466,1131
0.260163, -0,-0,-0, 0,0,0,0,0,0, 0.01309,0.514872,-1.61408,-4.87391,0.156906,8.5514,20,375,354,2085,470,1131
0.271442, -0,-0,-0, 0,0,0,0,0,0, 0.01309,0.514872,-1.61408,-4.83468,0.156906,8.5514,20,375,354,2086,463,1133
0.280128, -0,-0,-0, 0,0,0,0,0,0, 0.01309,0.514872,-1.61408,-4.83468,0.11768,8.52198,20,377,354,2090,459,1131
0.290156, -0,-0,-0, 0,0,0,0,0,0, 0.0132645,0.514872,-1.61408,-4.83468,0.156906,8.48275,20,376,354,2098,463,1132
0.300108, -0,-0,-0, 0,0,0,0,0,0, 0.0132645,0.514872,-1.61408,-4.83468,0.156906,8.48275,20,376,353,2098,462,1132
0.310183, -0,-0,-0, 0,0,0,0,0,0, 0.0132645,0.514872,-1.61408,-4.83468,0.156906,8.48275,20,377,354,2089,464,1127
0.320263, -0,-0,-0, 0,0,0,0,0,0, 0.0132645,0.514872,-1.61408,-4.83468,0.156906,8.48275,20,377,354,2089,464,1127
0.330256, -0,-0,-0, 0,0,0,0,0,0, 0.013439,0.514698,-1.61408,-4.87391,0.11768,8.48275,20,378,354,2090,459,1127
0.340162, -0,-0,-0, 0,0,0,0,0,0, 0.013439,0.514698,-1.61408,-4.87391,0.11768,8.48275,20,378,354,2090,459,1127
0.350156, -0,-0,-0, 0,0,0,0,0,0, 0.0136136,0.514523,-1.61408,-4.91313,0.0784532,8.52198,19,378,354,2089,458,1130
0.36008, -0,-0,-0, 0,0,0,0,0,0, 0.0137881,0.514523,-1.61391,-4.91313,0.0784532,8.48275,20,376,354,2092,448,1128
0.37049, -0,-0,-0, 0,0,0,0,0,0, 0.0137881,0.514349,-1.61391,-4.91313,0.0784532,8.52198,20,375,353,2092,453,1124
0.380196, -0,-0,-0, 0,0,0,0,0,0, 0.0137881,0.514349,-1.61373,-4.87391,0.11768,8.52198,20,379,354,2087,461,1127
0.390119, -0,-0,-0, 0,0,0,0,0,0, 0.0137881,0.514174,-1.61373,-4.83468,0.11768,8.5514,20,377,354,2088,457,1122
0.400208, -0,-0,-0, 0,0,0,0,0,0, 0.0137881,0.513999,-1.61356,-4.79545,0.156906,8.5514,20,377,354,2083,461,1132
0.410125, -0,-0,-0, 0,0,0,0,0,0, 0.0139626,0.513999,-1.61338,-4.83468,0.156906,8.48275,20,376,355,2091,462,1128
0.420029, -0,-0,-0, 0,0,0,0,0,0, 0.0139626,0.513999,-1.61338,-4.83468,0.156906,8.48275,20,376,355,2091,462,1128
0.430174, -0,-0,-0, 0,0,0,0,0,0, 0.0139626,0.51365,-1.61303,-4.87391,0.196133,8.51217,20,377,353,2089,461,1122
0.440178, -0,-0,-0, 0,0,0,0,0,0, 0.0139626,0.51365,-1.61303,-4.87391,0.196133,8.51217,20,377,353,2089,461,1122
0.450207, -0,-0,-0, 0,0,0,0,0,0, 0.0139626,0.513476,-1.61303,-4.87391,0.156906,8.5514,20,377,354,2081,457,1132
0.460252, -0,-0,-0, 0,0,0,0,0,0, 0.0139626,0.513476,-1.61286,-4.87391,0.196133,8.59063,20,378,354,2076,450,1125
0.472867, -0,-0,-0, 0,0,0,0,0,0, 0.0139626,0.513301,-1.61268,-4.79545,0.196133,8.59063,20,375,355,2080,452,1136
0.480122, -0,-0,-0, 0,0,0,0,0,0, 0.0139626,0.513301,-1.61251,-4.75623,0.23536,8.59063,20,377,354,2075,447,1130
0.490641, -0,-0,-0, 0,0,0,0,0,0, 0.0139626,0.513301,-1.61251,-4.72681,0.23536,8.62985,20,376,354,2082,452,1131
0.500153, -0,-0,-0, 0,0,0,0,0,0, 0.0139626,0.513301,-1.61234,-4.75623,0.196133,8.59063,20,377,354,2078,453,1129
0.51024, -0,-0,-0, 0,0,0,0,0,0, 0.0139626,0.513301,-1.61234,-4.75623,0.196133,8.59063,20,376,354,2071,449,1128
0.521324, -0,-0,-0, 0,0,0,0,0,0, 0.0141372,0.513301,-1.61216,-4.75623,0.196133,8.59063,21,377,354,2075,449,1132
0.530131, -0,-0,-0, 0,0,0,0,0,0, 0.0141372,0.513301,-1.61216,-4.83468,0.196133,8.51217,20,377,353,2080,455,1126
0.540369, -0,-0,-0, 0,0,0,0,0,0, 0.0143117,0.513476,-1.61216,-4.83468,0.196133,8.51217,20,376,354,2080,450,1130
0.550127, -0,-0,-0, 0,0,0,0,0,0, 0.0143117,0.513476,-1.61216,-4.83468,0.23536,8.47295,20,376,354,2083,450,1128
0.560145, -0,-0,-0, 0,0,0,0,0,0, 0.0143117,0.513476,-1.61216,-4.83468,0.23536,8.47295,20,376,354,2083,450,1128
0.570187, -0,-0,-0, 0,0,0,0,0,0, 0.0143117,0.513476,-1.61216,-4.83468,0.23536,8.56121,20,378,353,2078,456,1129
0.58033, -0,-0,-0, 0,0,0,0,0,0, 0.0143117,0.51365,-1.61216,-4.83468,0.196133,8.56121,20,377,354,2082,453,1132
0.590192, -0,-0,-0, 0,0,0,0,0,0, 0.0141372,0.51365,-1.61216,-4.83468,0.196133,8.56121,20,378,354,2079,454,1137
0.600197, -0,-0,-0, 0,0,0,0,0,0, 0.0141372,0.51365,-1.61234,-4.83468,0.196133,8.59063,20,378,353,2083,459,1135
0.610134, -0,-0,-0, 0,0,0,0,0,0, 0.0141372,0.513825,-1.61234,-4.79545,0.196133,8.56121,20,377,355,2085,455,1131
0.622082, -0,-0,-0, 0,0,0,0,0,0, 0.0141372,0.513825,-1.61234,-4.79545,0.156906,8.52198,21,377,354,2087,451,1137
0.630126, -0,-0,-0, 0,0,0,0,0,0, 0.0143117,0.513999,-1.61251,-4.83468,0.196133,8.44353,19,376,354,2084,464,1130
0.640123, -0,-0,-0, 0,0,0,0,0,0, 0.0143117,0.513999,-1.61251,-4.83468,0.196133,8.44353,19,376,354,2076,459,1130
0.652277, -0,-0,-0, 0,0,0,0,0,0, 0.0143117,0.513999,-1.61268,-4.91313,0.156906,8.52198,20,377,355,2084,453,1137
0.660168, -0,-0,-0, 0,0,0,0,0,0, 0.0144862,0.514174,-1.61268,-4.91313,0.11768,8.5514,20,377,354,2082,464,1127
0.671214, -0,-0,-0, 0,0,0,0,0,0, 0.0144862,0.514174,-1.61268,-4.91313,0.11768,8.5514,20,377,354,2082,464,1127
0.680244, -0,-0,-0, 0,0,0,0,0,0, 0.0144862,0.514174,-1.61286,-4.87391,0.0784532,8.5514,20,376,355,2089,458,1128
0.690239, -0,-0,-0, 0,0,0,0,0,0, 0.0144862,0.514174,-1.61286,-4.83468,0.11768,8.48275,20,376,355,2086,458,1130
0.700203, -0,-0,-0, 0,0,0,0,0,0, 0.0144862,0.514174,-1.61286,-4.83468,0.156906,8.48275,20,374,353,2087,457,1135
0.71016, -0,-0,-0, 0,0,0,0,0,0, 0.0146608,0.514174,-1.61303,-4.83468,0.11768,8.48275,20,376,353,2082,452,1137
0.721221, -0,-0,-0, 0,0,0,0,0,0, 0.0146608,0.514174,-1.61303,-4.83468,0.11768,8.60043,20,379,353,2083,457,1132
0.730084, -0,-0,-0, 0,0,0,0,0,0, 0.0146608,0.513999,-1.61303,-4.83468,0.11768,8.60043,20,376,354,2082,466,1130
0.740124, -0,-0,-0, 0,0,0,0,0,0, 0.0146608,0.513999,-1.61286,-4.83468,0.156906,8.60043,20,376,354,2089,460,1134
0.750162, -0,-0,-0, 0,0,0,0,0,0, 0.0148353,0.513999,-1.61286,-4.83468,0.11768,8.5514,20,375,354,2083,456,1129
0.760075, -0,-0,-0, 0,0,0,0,0,0, 0.0148353,0.513999,-1.61286,-4.79545,0.156906,8.5514,20,376,354,2083,460,1137
0.770945, -0,-0,-0, 0,0,0,0,0,0, 0.0148353,0.513999,-1.61286,-4.79545,0.156906,8.5514,20,376,354,2083,460,1137
0.780102, -0,-0,-0, 0,0,0,0,0,0, 0.0148353,0.513999,-1.61286,-4.79545,0.156906,8.5514,20,376,353,2081,458,1131
0.79013, -0,-0,-0, 0,0,0,0,0,0, 0.0148353,0.513999,-1.61286,-4.79545,0.156906,8.5514,20,375,353,2087,460,1129
0.800112, -0,-0,-0, 0,0,0,0,0,0, 0.0148353,0.514174,-1.61268,-4.79545,0.156906,8.60043,20,376,354,2083,463,1135
0.810112, -0,-0,-0, 0,0,0,0,0,0, 0.0148353,0.514174,-1.61268,-4.79545,0.156906,8.60043,19,375,353,2085,452,1137
0.820918, -0,-0,-0, 0,0,0,0,0,0, 0.0148353,0.514349,-1.61268,-4.79545,0.156906,8.5514,20,377,354,2091,457,1132
0.830143, -0,-0,-0, 0,0,0,0,0,0, 0.0148353,0.514349,-1.61268,-4.83468,0.156906,8.60043,20,380,354,2094,460,1132
0.840169, -0,-0,-0, 0,0,0,0,0,0, 0.0150098,0.514523,-1.61268,-4.79545,0.196133,8.56121,20,380,354,2096,455,1131
0.850115, -0,-0,-0, 0,0,0,0,0,0, 0.0150098,0.514698,-1.61268,-4.79545,0.196133,8.56121,20,378,354,2089,449,1134
0.860139, -0,-0,-0, 0,0,0,0,0,0, 0.0150098,0.514872,-1.61268,-4.79545,0.196133,8.56121,20,379,354,2096,453,1139
0.871401, -0,-0,-0, 0,0,0,0,0,0, 0.0150098,0.514872,-1.61268,-4.79545,0.196133,8.56121,20,379,354,2096,453,1139
0.880023, -0,-0,-0, 0,0,0,0,0,0, 0.0150098,0.515221,-1.61268,-4.83468,0.196133,8.51217,20,379,354,2095,455,1124
0.890201, -0,-0,-0, 0,0,0,0,0,0, 0.0150098,0.515221,-1.61268,-4.83468,0.196133,8.51217,20,379,354,2095,455,1124
0.902208, -0,-0,-0, 0,0,0,0,0,0, 0.0150098,0.515396,-1.61268,-4.83468,0.196133,8.56121,20,377,354,2096,453,1132
0.910078, -0,-0,-0, 0,0,0,0,0,0, 0.0150098,0.515745,-1.61268,-4.83468,0.196133,8.56121,20,377,354,2103,451,1130
0.920198, -0,-0,-0, 0,0,0,0,0,0, 0.0150098,0.515919,-1.61268,-4.83468,0.196133,8.51217,20,378,354,2103,451,1136
0.930136, -0,-0,-0, 0,0,0,0,0,0, 0.0150098,0.516094,-1.61268,-4.87391,0.23536,8.56121,20,376,355,2103,465,1134
0.940076, -0,-0,-0, 0,0,0,0,0,0, 0.0150098,0.516268,-1.61286,-4.87391,0.196133,8.56121,20,378,355,2106,461,1136
0.953947, -0,-0,-0, 0,0,0,0,0,0, 0.0150098,0.516443,-1.61286,-4.83468,0.196133,8.56121,20,378,355,2112,450,1135
0.960124, -0,-0,-0, 0,0,0,0,0,0, 0.0150098,0.516617,-1.61303,-4.83468,0.196133,8.47295,19,378,353,2111,458,1132
0.970192, -0,-0,-0, 0,0,0,0,0,0, 0.0150098,0.516792,-1.61321,-4.83468,0.196133,8.47295,19,377,353,2109,457,1130
0.980143, -0,-0,-0, 0,0,0,0,0,0, 0.0150098,0.516967,-1.61321,-4.87391,0.156906,8.48275,20,377,354,2121,464,1130
0.990131, -0,-0,-0, 0,0,0,0,0,0, 0.0150098,0.516967,-1.61321,-4.87391,0.156906,8.48275,20,377,354,2121,464,1130
1.00014, -0,-0,-0, 0,0,0,0,0,0, 0.0151844,0.516967,-1.61338,-4.87391,0.156906,8.48275,19,377,354,2110,449,1132
1.01012, -0,-0,-0, 0,0,0,0,0,0, 0.0151844,0.517141,-1.61338,-4.91313,0.11768,8.43372,19,376,353,2108,450,1128
1.02107, -0,-0,-0, 0,0,0,0,0,0, 0.0151844,0.517316,-1.61356,-4.91313,0.11768,8.43372,20,378,354,2115,436,1129
1.03021, -0,-0,-0, 0,0,0,0,0,0, 0.0153589,0.517316,-1.61373,-4.95236,0.156906,8.52198,19,378,353,2119,455,1134
1.04012, -0,-0,-0, 0,0,0,0,0,0, 0.0153589,0.51749,-1.61391,-4.91313,0.11768,8.52198,19,378,354,2113,451,1124
1.0501, -0,-0,-0, 0,0,0,0,0,0, 0.0155334,0.51749,-1.61391,-4.91313,0.156906,8.5514,19,378,354,2121,457,1121
1.06014, -0,-0,-0, 0,0,0,0,0,0, 0.0155334,0.517665,-1.61391,-4.83468,0.11768,8.60043,19,377,354,2119,444,1130
1.07108, -0,-0,-0, 0,0,0,0,0,0, 0.0155334,0.517665,-1.61408,-4.79545,0.196133,8.59063,19,378,354,2111,444,1123
1.08017, -0,-0,-0, 0,0,0,0,0,0, 0.0155334,0.517839,-1.61408,-4.79545,0.156906,8.5514,20,377,354,2121,447,1129
1.09019, -0,-0,-0, 0,0,0,0,0,0, 0.0155334,0.518014,-1.61425,-4.75623,0.196133,8.51217,20,376,354,2117,449,1126
1.10009, -0,-0,-0, 0,0,0,0,0,0, 0.0155334,0.518188,-1.61425,-4.75623,0.196133,8.51217,19,375,354,2120,453,1123
1.11008, -0,-0,-0, 0,0,0,0,0,0, 0.0155334,0.518188,-1.61425,-4.75623,0.196133,8.51217,19,375,354,2120,453,1123
1.12045, -0,-0,-0, 0,0,0,0,0,0, 0.0155334,0.518363,-1.61425,-4.79545,0.196133,8.51217,19,379,353,2126,456,1127
1.13014, -0,-0,-0, 0,0,0,0,0,0, 0.0155334,0.518537,-1.61425,-4.91313,0.11768,8.52198,19,380,354,2126,460,1123
1.14015, -0,-0,-0, 0,0,0,0,0,0, 0.0155334,0.518537,-1.61443,-4.91313,0.11768,8.43372,20,380,354,2131,452,1125
1.15026, -0,-0,-0, 0,0,0,0,0,0, 0.0155334,0.518712,-1.61443,-4.91313,0.11768,8.48275,20,379,354,2127,451,1130
1.16014, -0,-0,-0, 0,0,0,0,0,0, 0.015708,0.518886,-1.61443,-4.95236,0.11768,8.48275,19,379,353,2127,442,1125
1.17276, -0,-0,-0, 0,0,0,0,0,0, 0.015708,0.518886,-1.61443,-4.91313,0.156906,8.48275,19,380,354,2130,449,1125
1.1801, -0,-0,-0, 0,0,0,0,0,0, 0.015708,0.519061,-1.6146,-4.87391,0.196133,8.51217,19,378,354,2131,457,1128
1.19021, -0,-0,-0, 0,0,0,0,0,0, 0.0158825,0.519235,-1.6146,-4.87391,0.196133,8.51217,19,380,354,2130,446,1124
1.20012, -0,-0,-0, 0,0,0,0,0,0, 0.0158825,0.519235,-1.6146,-4.87391,0.196133,8.51217,19,382,354,2133,449,1124
1.21008, -0,-0,-0, 0,0,0,0,0,0, 0.0158825,0.51941,-1.6146,-4.83468,0.156906,8.52198,19,381,354,2141,450,1126
1.22102, -0,-0,-0, 0,0,0,0,0,0, 0.0158825,0.51941,-1.6146,-4.83468,0.156906,8.52198,19,381,354,2141,450,1126
1.23009, -0,-0,-0, 0,0,0,0,0,0, 0.0158825,0.51941,-1.6146,-4.83468,0.156906,8.52198,19,379,354,2133,454,1126
1.24011, -0,-0,-0, 0,0,0,0,0,0, 0.0158825,0.519584,-1.61478,-4.87391,0.156906,8.43372,19,379,354,2135,442,1126
1.25015, -0,-0,-0, 0,0,0,0,0,0, 0.0158825,0.519584,-1.61478,-4.91313,0.156906,8.48275,18,378,354,2129,454,1124
1.26008, -0,-0,-0, 0,0,0,0,0,0, 0.0158825,0.519584,-1.61478,-4.91313,0.156906,8.43372,19,377,354,2138,450,1123
1.27129, -0,-0,-0, 0,0,0,0,0,0, 0.0158825,0.519584,-1.61478,-4.91313,0.156906,8.48275,19,378,354,2143,443,1122
1.28005, -0,-0,-0, 0,0,0,0,0,0, 0.016057,0.519759,-1.61478,-4.91313,0.11768,8.52198,19,378,353,2137,448,1125
1.29011, -0,-0,-0, 0,0,0,0,0,0, 0.016057,0.519759,-1.61478,-4.87391,0.156906,8.5514,19,376,354,2134,440,1124
1.30022, -0,-0,-0, 0,0,0,0,0,0, 0.016057,0.519759,-1.61478,-4.87391,0.156906,8.48275,19,375,354,2139,452,1128
1.31008, -0,-0,-0, 0,0,0,0,0,0, 0.016057,0.519759,-1.61478,-4.87391,0.156906,8.48275,19,376,354,2137,452,1128
1.32399, -0,-0,-0, 0,0,0,0,0,0, 0.016057,0.519759,-1.61478,-4.87391,0.156906,8.48275,19,376,354,2137,452,1128
1.33011, -0,-0,-0, 0,0,0,0,0,0, 0.016057,0.519759,-1.61478,-4.87391,0.156906,8.43372,19,376,354,2134,456,1129
1.34021, -0,-0,-0, 0,0,0,0,0,0, 0.016057,0.519759,-1.61478,-4.83468,0.156906,8.48275,20,376,355,2140,450,1127
1.35024, -0,-0,-0, 0,0,0,0,0,0, 0.016057,0.519759,-1.61478,-4.87391,0.196133,8.51217,19,380,354,2141,445,1129
1.36004, -0,-0,-0, 0,0,0,0,0,0, 0.016057,0.519759,-1.61478,-4.91313,0.156906,8.5514,19,378,354,2142,445,1130
1.37295, -0,-0,-0, 0,0,0,0,0,0, 0.016057,0.519759,-1.61478,-4.87391,0.156906,8.5514,19,378,354,2136,451,1126
1.38016, -0,-0,-0, 0,0,0,0,0,0, 0.016057,0.519759,-1.61478,-4.87391,0.156906,8.52198,20,378,353,2138,454,1128
1.39215, -0,-0,-0, 0,0,0,0,0,0, 0.016057,0.519759,-1.61478,-4.87391,0.156906,8.52198,20,378,353,2138,454,1128
1.40005, -0,-0,-0, 0,0,0,0,0,0, 0.016057,0.519759,-1.61478,-4.91313,0.156906,8.48275,19,378,354,2136,445,1128
1.41022, -0,-0,-0, 0,0,0,0,0,0, 0.016057,0.519759,-1.61478,-4.87391,0.156906,8.43372,20,378,354,2137,454,1118
1.42216, -0,-0,-0, 0,0,0,0,0,0, 0.016057,0.519584,-1.61478,-4.87391,0.156906,8.48275,19,378,354,2136,453,1123
1.43019, -0,-0,-0, 0,0,0,0,0,0, 0.016057,0.519584,-1.61478,-4.87391,0.156906,8.48275,19,378,354,2136,453,1123
1.44046, -0,-0,-0, 0,0,0,0,0,0, 0.016057,0.519584,-1.61478,-4.91313,0.156906,8.5514,19,378,353,2137,443,1122
1.45028, -0,-0,-0, 0,0,0,0,0,0, 0.0158825,0.519584,-1.61478,-4.91313,0.156906,8.52198,19,379,353,2136,454,1124
1.46056, -0,-0,-0, 0,0,0,0,0,0, 0.0158825,0.51941,-1.6146,-4.87391,0.156906,8.48275,19,379,354,2125,455,1127
1.47602, -0,-0,-0, 0,0,0,0,0,0, 0.0158825,0.519235,-1.6146,-4.87391,0.196133,8.47295,19,378,354,2136,452,1122
1.48014, -0,-0,-0, 0,0,0,0,0,0, 0.0158825,0.519235,-1.6146,-4.87391,0.156906,8.48275,19,378,353,2130,447,1125
1.49003, -0,-0,-0, 0,0,0,0,0,0, 0.0158825,0.519061,-1.6146,-4.83468,0.196133,8.51217,20,378,354,2124,456,1128
1.50081, -0,-0,-0, 0,0,0,0,0,0, 0.016057,0.519061,-1.6146,-4.87391,0.196133,8.51217,20,377,354,2122,444,1132
1.51037, -0,-0,-0, 0,0,0,0,0,0, 0.016057,0.518886,-1.6146,-4.87391,0.156906,8.48275,20,378,354,2122,453,1127
1.52299, -0,-0,-0, 0,0,0,0,0,0, 0.016057,0.518712,-1.6146,-4.87391,0.196133,8.47295,20,378,354,2127,452,1126
1.53013, -0,-0,-0, 0,0,0,0,0,0, 0.016057,0.518537,-1.6146,-4.87391,0.156906,8.48275,20,378,354,2127,452,1126
1.54026, -0,-0,-0, 0,0,0,0,0,0, 0.016057,0.518537,-1.6146,-4.87391,0.156906,8.48275,20,377,354,2121,456,1121
1.5507, -0,-0,-0, 0,0,0,0,0,0, 0.016057,0.518363,-1.6146,-4.91313,0.156906,8.43372,19,375,354,2122,452,1130
1.56012, -0,-0,-0, 0,0,0,0,0,0, 0.016057,0.518188,-1.6146,-4.91313,0.196133,8.47295,19,376,354,2120,466,1122
1.57138, -0,-0,-0, 0,0,0,0,0,0, 0.016057,0.518014,-1.61478,-4.87391,0.156906,8.48275,19,376,354,2115,456,1124
1.58016, -0,-0,-0, 0,0,0,0,0,0, 0.016057,0.51749,-1.61478,-4.91313,0.196133,8.51217,19,378,354,2113,461,1124
1.59016, -0,-0,-0, 0,0,0,0,0,0, 0.016057,0.517316,-1.61495,-4.91313,0.196133,8.56121,20,377,354,2114,449,1127
1.60027, -0,-0,-0, 0,0,0,0,0,0, 0.016057,0.517141,-1.61495,-4.87391,0.196133,8.51217,19,378,354,2111,459,1126
1.61013, -0,-0,-0, 0,0,0,0,0,0, 0.016057,0.516967,-1.61495,-4.87391,0.156906,8.60043,19,376,354,2106,452,1124
1.62014, -0,-0,-0, 0,0,0,0,0,0, 0.016057,0.516792,-1.61495,-4.83468,0.11768,8.60043,19,376,354,2108,464,1128
1.63008, -0,-0,-0, 0,0,0,0,0,0, 0.0158825,0.516792,-1.61495,-4.75623,0.11768,8.63966,19,378,354,2100,455,1128
1.64013, -0,-0,-0, 0,0,0,0,0,0, 0.0158825,0.516617,-1.61495,-4.72681,0.0784532,8.66908,19,378,355,2107,461,1122
1.65092, -0,-0,-0, 0,0,0,0,0,0, 0.016057,0.516617,-1.61513,-4.75623,0.156906,8.63966,20,378,354,2112,456,1116
1.66013, -0,-0,-0, 0,0,0,0,0,0, 0.016057,0.516617,-1.61513,-4.75623,0.156906,8.63966,20,378,354,2112,456,1116
1.67021, -0,-0,-0, 0,0,0,0,0,0, 0.016057,0.516617,-1.61513,-4.75623,0.156906,8.60043,20,378,354,2104,460,1125
1.68011, -0,-0,-0, 0,0,0,0,0,0, 0.016057,0.516617,-1.61513,-4.75623,0.196133,8.62985,20,377,354,2108,457,1122
1.6902, -0,-0,-0, 0,0,0,0,0,0, 0.016057,0.516792,-1.61513,-4.79545,0.156906,8.66908,20,378,354,2111,462,1121
1.70041, -0,-0,-0, 0,0,0,0,0,0, 0.016057,0.516967,-1.61513,-4.79545,0.11768,8.63966,19,379,353,2105,453,1128
1.71017, -0,-0,-0, 0,0,0,0,0,0, 0.016057,0.517141,-1.61513,-4.79545,0.11768,8.5514,19,379,354,2115,458,1128
1.72038, -0,-0,-0, 0,0,0,0,0,0, 0.016057,0.517316,-1.61513,-4.83468,0.11768,8.52198,20,377,354,2114,460,1128
1.73019, -0,-0,-0, 0,0,0,0,0,0, 0.016057,0.51749,-1.61513,-4.83468,0.11768,8.48275,20,377,354,2118,459,1134
1.74018, -0,-0,-0, 0,0,0,0,0,0, 0.016057,0.517665,-1.61513,-4.87391,0.156906,8.5514,19,377,354,2116,454,1126
1.75191, -0,-0,-0, 0,0,0,0,0,0, 0.016057,0.517839,-1.61513,-4.91313,0.156906,8.5514,19,376,354,2114,450,1126
1.76007, -0,-0,-0, 0,0,0,0,0,0, 0.016057,0.518014,-1.61513,-4.91313,0.156906,8.5514,20,376,353,2120,450,1131
1.77194, -0,-0,-0, 0,0,0,0,0,0, 0.016057,0.518014,-1.61513,-4.91313,0.156906,8.5514,20,376,353,2120,450,1131
1.78008, -0,-0,-0, 0,0,0,0,0,0, 0.016057,0.518188,-1.61513,-4.87391,0.156906,8.5514,19,376,354,2125,446,1127
1.79016, -0,-0,-0, 0,0,0,0,0,0, 0.016057,0.518363,-1.61513,-4.87391,0.11768,8.52198,19,378,354,2126,457,1133
1.80035, -0,-0,-0, 0,0,0,0,0,0, 0.016057,0.518712,-1.61495,-4.83468,0.156906,8.48275,19,378,354,2127,451,1133
1.81015, -0,-0,-0, 0,0,0,0,0,0, 0.016057,0.518886,-1.61495,-4.83468,0.156906,8.48275,19,378,354,2130,455,1127
1.82022, -0,-0,-0, 0,0,0,0,0,0, 0.016057,0.519061,-1.61495,-4.87391,0.156906,8.48275,19,377,354,2122,456,1126
1.83013, -0,-0,-0, 0,0,0,0,0,0, 0.016057,0.519235,-1.61495,-4.91313,0.196133,8.51217,19,378,355,2135,450,1122
1.84014, -0,-0,-0, 0,0,0,0,0,0, 0.016057,0.51941,-1.61495,-4.91313,0.196133,8.51217,19,377,354,2137,457,1129
1.85031, -0,-0,-0, 0,0,0,0,0,0, 0.016057,0.519584,-1.61495,-4.91313,0.196133,8.51217,19,379,354,2131,457,1124
1.8602, -0,-0,-0, 0,0,0,0,0,0, 0.016057,0.519584,-1.61495,-4.91313,0.196133,8.47295,19,379,354,2137,450,1131
1.87099, -0,-0,-0, 0,0,0,0,0,0, 0.016057,0.519584,-1.61495,-4.91313,0.196133,8.47295,19,379,354,2137,450,1131
1.88017, -0,-0,-0, 0,0,0,0,0,0, 0.016057,0.519759,-1.61495,-4.87391,0.196133,8.47295,19,381,354,2142,449,1127
1.89016, -0,-0,-0, 0,0,0,0,0,0, 0.0158825,0.519934,-1.61495,-4.83468,0.196133,8.51217,19,378,354,2141,462,1124
1.90298, -0,-0,-0, 0,0,0,0,0,0, 0.016057,0.520108,-1.61495,-4.83468,0.156906,8.48275,19,378,353,2138,451,1123
1.91019, -0,-0,-0, 0,0,0,0,0,0, 0.016057,0.520283,-1.61495,-4.83468,0.156906,8.48275,19,379,354,2138,450,1129
1.92215, -0,-0,-0, 0,0,0,0,0,0, 0.016057,0.520457,-1.61495,-4.91313,0.196133,8.47295,19,378,353,2143,448,1121
1.93017, -0,-0,-0, 0,0,0,0,0,0, 0.016057,0.520457,-1.61495,-4.91313,0.156906,8.48275,19,378,354,2144,457,1121
1.94011, -0,-0,-0, 0,0,0,0,0,0, 0.016057,0.520632,-1.61513,-4.91313,0.156906,8.52198,19,378,355,2145,452,1120
1.95017, -0,-0,-0, 0,0,0,0,0,0, 0.016057,0.520806,-1.61513,-4.91313,0.156906,8.52198,19,376,355,2155,450,1129
1.96009, -0,-0,-0, 0,0,0,0,0,0, 0.016057,0.520806,-1.61513,-4.91313,0.156906,8.48275,19,379,354,2146,451,1130
1.97124, -0,-0,-0, 0,0,0,0,0,0, 0.016057,0.520981,-1.61513,-4.91313,0.156906,8.52198,19,380,354,2158,451,1122
1.98007, -0,-0,-0, 0,0,0,0,0,0, 0.016057,0.520981,-1.61513,-4.91313,0.156906,8.52198,19,376,355,2146,452,1129
1.99017, -0,-0,-0, 0,0,0,0,0,0, 0.016057,0.520981,-1.61513,-4.91313,0.156906,8.52198,19,376,355,2146,452,1129
2.00054, -0,-0,-0, 0,0,0,0,0,0, 0.016057,0.521155,-1.61513,-4.87391,0.196133,8.47295,19,377,355,2157,451,1118
2.01011, -0,-0,-0, 0,0,0,0,0,0, 0.0162316,0.52133,-1.61513,-4.87391,0.156906,8.52198,20,377,353,2155,450,1122
2.02182, -0,-0,-0, 0,0,0,0,0,0, 0.0162316,0.521504,-1.61513,-4.87391,0.196133,8.51217,19,379,355,2151,452,1124
2.03016, -0,-0,-0, 0,0,0,0,0,0, 0.0162316,0.521504,-1.6153,-4.87391,0.156906,8.48275,20,380,355,2156,454,1120
2.04011, -0,-0,-0, 0,0,0,0,0,0, 0.0162316,0.521504,-1.6153,-4.87391,0.156906,8.48275,19,377,354,2155,448,1124
2.0503, -0,-0,-0, 0,0,0,0,0,0, 0.0162316,0.521679,-1.6153,-4.91313,0.156906,8.43372,19,378,354,2150,455,1123
2.06015, -0,-0,-0, 0,0,0,0,0,0, 0.0162316,0.521679,-1.6153,-4.91313,0.156906,8.48275,19,378,354,2157,447,1120
2.07087, -0,-0,-0, 0,0,0,0,0,0, 0.0162316,0.521679,-1.6153,-4.91313,0.156906,8.48275,19,378,354,2157,447,1120
2.0801, -0,-0,-0, 0,0,0,0,0,0, 0.0162316,0.521679,-1.6153,-4.91313,0.156906,8.52198,19,376,354,2153,449,1121
2.09008, -0,-0,-0, 0,0,0,0,0,0, 0.0162316,0.521679,-1.61513,-4.87391,0.196133,8.51217,19,377,354,2147,444,1126
2.10022, -0,-0,-0, 0,0,0,0,0,0, 0.0162316,0.521679,-1.61513,-4.87391,0.196133,8.51217,19,377,354,2147,444,1126
2.11001, -0,-0,-0, 0,0,0,0,0,0, 0.0162316,0.521679,-1.61513,-4.91313,0.156906,8.48275,20,377,354,2164,456,1128
2.12018, -0,-0,-0, 0,0,0,0,0,0, 0.0162316,0.521679,-1.61513,-4.87391,0.196133,8.51217,19,379,354,2161,445,1124
2.13012, -0,-0,-0, 0,0,0,0,0,0, 0.0164061,0.521679,-1.61513,-4.87391,0.156906,8.48275,19,378,353,2155,442,1126
2.14017, -0,-0,-0, 0,0,0,0,0,0, 0.0164061,0.521679,-1.61513,-4.87391,0.156906,8.48275,19,379,354,2154,449,1126
2.15223, -0,-0,-0, 0,0,0,0,0,0, 0.0164061,0.521504,-1.6153,-4.91313,0.156906,8.43372,19,379,353,2150,447,1119
2.16011, -0,-0,-0, 0,0,0,0,0,0, 0.0164061,0.521504,-1.6153,-4.95236,0.156906,8.43372,20,378,353,2154,450,1126
2.17107, -0,-0,-0, 0,0,0,0,0,0, 0.0164061,0.521504,-1.6153,-4.95236,0.156906,8.52198,19,378,354,2156,452,1128
2.18012, -0,-0,-0, 0,0,0,0,0,0, 0.0164061,0.521504,-1.61513,-4.91313,0.156906,8.52198,19,379,354,2158,453,1127
2.19, -0,-0,-0, 0,0,0,0,0,0, 0.0164061,0.52133,-1.61513,-4.95236,0.156906,8.52198,19,381,354,2154,453,1133
2.20431, -0,-0,-0, 0,0,0,0,0,0, 0.0164061,0.52133,-1.61513,-4.87391,0.11768,8.43372,19,379,355,2152,451,1125
2.21011, -0,-0,-0, 0,0,0,0,0,0, 0.0164061,0.52133,-1.61513,-4.87391,0.11768,8.43372,19,379,355,2152,451,1125
2.22053, -0,-0,-0, 0,0,0,0,0,0, 0.0164061,0.521155,-1.61513,-4.87391,0.11768,8.48275,19,378,354,2160,450,1124
2.23012, -0,-0,-0, 0,0,0,0,0,0, 0.0164061,0.520981,-1.61513,-4.87391,0.156906,8.43372,19,378,354,2151,451,1124
2.24042, -0,-0,-0, 0,0,0,0,0,0, 0.0165806,0.520632,-1.61513,-4.91313,0.156906,8.43372,19,377,353,2146,454,1124
2.25027, -0,-0,-0, 0,0,0,0,0,0, 0.0165806,0.520283,-1.61513,-4.91313,0.196133,8.47295,19,377,355,2143,451,1127
2.2601, -0,-0,-0, 0,0,0,0,0,0, 0.0165806,0.520108,-1.61513,-4.95236,0.196133,8.47295,19,378,354,2140,454,1123
2.27024, -0,-0,-0, 0,0,0,0,0,0, 0.0165806,0.519759,-1.61495,-4.91313,0.196133,8.51217,19,378,353,2139,462,1123
2.28008, -0,-0,-0, 0,0,0,0,0,0, 0.0165806,0.519584,-1.61495,-4.95236,0.156906,8.52198,20,379,354,2136,457,1129
2.29017, -0,-0,-0, 0,0,0,0,0,0, 0.0164061,0.51941,-1.61495,-4.91313,0.23536,8.51217,20,378,354,2141,455,1124
2.30243, -0,-0,-0, 0,0,0,0,0,0, 0.0164061,0.519061,-1.61495,-4.87391,0.23536,8.51217,19,377,354,2135,456,1125
2.31021, -0,-0,-0, 0,0,0,0,0,0, 0.0164061,0.519061,-1.61495,-4.87391,0.23536,8.51217,19,377,354,2135,456,1125
2.3204, -0,-0,-0, 0,0,0,0,0,0, 0.0164061,0.518886,-1.61495,-4.83468,0.196133,8.47295,20,377,353,2128,458,1126
2.33014, -0,-0,-0, 0,0,0,0,0,0, 0.0164061,0.518537,-1.61495,-4.79545,0.196133,8.44353,20,377,354,2122,464,1130
2.34014, -0,-0,-0, 0,0,0,0,0,0, 0.0164061,0.518363,-1.61495,-4.83468,0.196133,8.47295,19,378,354,2119,458,1125
2.35012, -0,-0,-0, 0,0,0,0,0,0, 0.0164061,0.517665,-1.61513,-4.87391,0.196133,8.56121,19,377,354,2117,455,1123
2.36016, -0,-0,-0, 0,0,0,0,0,0, 0.0164061,0.517316,-1.61513,-4.87391,0.156906,8.5514,19,378,354,2110,460,1131
2.37047, -0,-0,-0, 0,0,0,0,0,0, 0.0164061,0.517141,-1.61513,-4.83468,0.156906,8.5514,19,377,354,2110,460,1124
2.3804, -0,-0,-0, 0,0,0,0,0,0, 0.0164061,0.516792,-1.61513,-4.83468,0.156906,8.5514,20,377,354,2108,470,1124
2.39043, -0,-0,-0, 0,0,0,0,0,0, 0.0164061,0.516792,-1.61513,-4.83468,0.156906,8.5514,20,377,354,2108,470,1124
2.40383, -0,-0,-0, 0,0,0,0,0,0, 0.0164061,0.516268,-1.61513,-4.79545,0.156906,8.5514,19,378,354,2107,461,1119
2.41008, -0,-0,-0, 0,0,0,0,0,0, 0.0164061,0.515919,-1.6153,-4.83468,0.156906,8.5514,19,379,354,2100,466,1125
2.42069, -0,-0,-0, 0,0,0,0,0,0, 0.0164061,0.515919,-1.6153,-4.83468,0.156906,8.5514,19,379,354,2100,466,1125
2.43015, -0,-0,-0, 0,0,0,0,0,0, 0.0164061,0.515745,-1.6153,-4.83468,0.196133,8.59063,19,376,353,2099,458,1121
2.44013, -0,-0,-0, 0,0,0,0,0,0, 0.0164061,0.515396,-1.6153,-4.83468,0.156906,8.60043,20,378,354,2096,465,1123
2.45049, -0,-0,-0, 0,0,0,0,0,0, 0.0164061,0.515221,-1.61548,-4.79545,0.156906,8.60043,20,378,354,2094,458,1127
2.46018, -0,-0,-0, 0,0,0,0,0,0, 0.0165806,0.514872,-1.61548,-4.79545,0.156906,8.52198,20,376,353,2093,467,1128
2.47146, -0,-0,-0, 0,0,0,0,0,0, 0.0165806,0.514698,-1.61548,-4.83468,0.156906,8.5514,20,378,353,2086,467,1131
2.48013, -0,-0,-0, 0,0,0,0,0,0, 0.0165806,0.514523,-1.61548,-4.79545,0.156906,8.60043,20,377,353,2082,464,1133
2.49011, -0,-0,-0, 0,0,0,0,0,0, 0.0165806,0.514349,-1.61565,-4.79545,0.156906,8.63966,19,376,354,2088,464,1128
2.50045, -0,-0,-0, 0,0,0,0,0,0, 0.0165806,0.514174,-1.61565,-4.79545,0.11768,8.60043,19,377,354,2088,465,1121
2.51018, -0,-0,-0, 0,0,0,0,0,0, 0.0165806,0.513999,-1.61565,-4.79545,0.11768,8.63966,19,377,354,2087,467,1127
2.52097, -0,-0,-0, 0,0,0,0,0,0, 0.0165806,0.513999,-1.61565,-4.79545,0.11768,8.63966,19,377,354,2087,467,1127
2.53012, -0,-0,-0, 0,0,0,0,0,0, 0.0165806,0.513825,-1.61565,-4.75623,0.11768,8.5514,20,376,353,2076,467,1122
2.54027, -0,-0,-0, 0,0,0,0,0,0, 0.0165806,0.513825,-1.61565,-4.75623,0.11768,8.5514,20,376,353,2076,467,1122
2.55268, -0,-0,-0, 0,0,0,0,0,0, 0.0165806,0.51365,-1.61565,-4.79545,0.11768,8.60043,19,380,353,2088,463,1128
2.56014, -0,-0,-0, 0,0,0,0,0,0, 0.0165806,0.51365,-1.61565,-4.79545,0.11768,8.60043,19,378,353,2083,474,1124
2.57015, -0,-0,-0, 0,0,0,0,0,0, 0.0165806,0.513476,-1.61565,-4.83468,0.156906,8.5514,20,376,354,2086,469,1120
2.58012, -0,-0,-0, 0,0,0,0,0,0, 0.0164061,0.513476,-1.61565,-4.79545,0.156906,8.60043,20,376,355,2084,468,1120
2.59013, -0,-0,-0, 0,0,0,0,0,0, 0.0164061,0.513476,-1.61548,-4.79545,0.196133,8.59063,19,376,354,2085,470,1125
2.60141, -0,-0,-0, 0,0,0,0,0,0, 0.0164061,0.513301,-1.61548,-4.75623,0.156906,8.5514,20,377,354,2079,465,1126
2.61011, -0,-0,-0, 0,0,0,0,0,0, 0.0164061,0.513301,-1.61548,-4.83468,0.156906,8.48275,20,377,354,2081,463,1131
2.62024, -0,-0,-0, 0,0,0,0,0,0, 0.0164061,0.513301,-1.61548,-4.83468,0.156906,8.48275,20,377,354,2081,463,1131
2.63007, -0,-0,-0, 0,0,0,0,0,0, 0.0164061,0.513127,-1.61548,-4.87391,0.156906,8.52198,20,377,354,2084,467,1127
2.64022, -0,-0,-0, 0,0,0,0,0,0, 0.0164061,0.513127,-1.61548,-4.87391,0.156906,8.52198,20,377,354,2084,467,1127
2.65337, -0,-0,-0, 0,0,0,0,0,0, 0.0164061,0.513127,-1.61548,-4.87391,0.196133,8.51217,20,377,354,2079,474,1129
2.66025, -0,-0,-0, 0,0,0,0,0,0, 0.0164061,0.512952,-1.61548,-4.87391,0.196133,8.51217,20,375,354,2076,479,1128
2.67011, -0,-0,-0, 0,0,0,0,0,0, 0.0164061,0.512778,-1.61548,-4.83468,0.196133,8.51217,20,375,353,2077,485,1132
2.68015, -0,-0,-0, 0,0,0,0,0,0, 0.0162316,0.512778,-1.61548,-4.83468,0.196133,8.56121,20,376,353,2080,490,1125
2.69013, -0,-0,-0, 0,0,0,0,0,0, 0.016057,0.512603,-1.6153,-4.75623,0.11768,8.66908,19,375,354,2077,494,1126
2.70342, -0,-0,-0, 0,0,0,0,0,0, 0.016057,0.512603,-1.6153,-4.68758,0.0784532,8.62985,20,377,354,2077,483,1130
2.71013, -0,-0,-0, 0,0,0,0,0,0, 0.016057,0.512603,-1.6153,-4.68758,0.11768,8.59063,20,374,354,2073,495,1128
2.72033, -0,-0,-0, 0,0,0,0,0,0, 0.016057,0.512429,-1.61548,-4.72681,0.156906,8.5514,20,375,354,2077,483,1124
2.73008, -0,-0,-0, 0,0,0,0,0,0, 0.0162316,0.512429,-1.61548,-4.79545,0.196133,8.56121,20,376,354,2070,486,1131
2.74019, -0,-0,-0, 0,0,0,0,0,0, 0.0162316,0.512429,-1.61548,-4.79545,0.11768,8.5514,20,375,354,2076,485,1131
2.75075, -0,-0,-0, 0,0,0,0,0,0, 0.0162316,0.512429,-1.61548,-4.83468,0.196133,8.59063,20,375,355,2082,489,1124
2.76008, -0,-0,-0, 0,0,0,0,0,0, 0.0162316,0.512429,-1.61548,-4.83468,0.196133,8.59063,20,375,355,2082,489,1124
2.77074, -0,-0,-0, 0,0,0,0,0,0, 0.0162316,0.512429,-1.61548,-4.87391,0.156906,8.52198,19,377,354,2070,489,1132
2.78012, -0,-0,-0, 0,0,0,0,0,0, 0.0162316,0.512429,-1.61548,-4.87391,0.156906,8.5514,20,374,354,2080,485,1130
2.79017, -0,-0,-0, 0,0,0,0,0,0, 0.016057,0.512429,-1.6153,-4.83468,0.11768,8.48275,20,375,353,2078,487,1130
2.80044, -0,-0,-0, 0,0,0,0,0,0, 0.0162316,0.512254,-1.6153,-4.87391,0.156906,8.48275,20,375,354,2083,485,1127
2.81014, -0,-0,-0, 0,0,0,0,0,0, 0.0162316,0.51208,-1.6153,-4.83468,0.156906,8.52198,20,376,354,2069,477,1127
2.8203, -0,-0,-0, 0,0,0,0,0,0, 0.0162316,0.51208,-1.6153,-4.87391,0.196133,8.47295,20,376,355,2071,487,1124
2.83013, -0,-0,-0, 0,0,0,0,0,0, 0.0162316,0.511905,-1.6153,-4.83468,0.196133,8.51217,20,376,354,2073,479,1125
2.84012, -0,-0,-0, 0,0,0,0,0,0, 0.0162316,0.511905,-1.6153,-4.79545,0.196133,8.51217,20,375,353,2074,484,1134
2.85449, -0,-0,-0, 0,0,0,0,0,0, 0.0162316,0.511731,-1.61513,-4.75623,0.156906,8.52198,20,375,353,2077,479,1139
2.86014, -0,-0,-0, 0,0,0,0,0,0, 0.0162316,0.511556,-1.61513,-4.75623,0.156906,8.52198,20,377,354,2066,482,1127
2.87056, -0,-0,-0, 0,0,0,0,0,0, 0.0162316,0.511556,-1.61513,-4.75623,0.156906,8.52198,20,377,354,2066,482,1127
2.88011, -0,-0,-0, 0,0,0,0,0,0, 0.0162316,0.511381,-1.61513,-4.79545,0.156906,8.5514,20,376,353,2066,487,1128
2.89015, -0,-0,-0, 0,0,0,0,0,0, 0.0162316,0.511032,-1.61513,-4.79545,0.156906,8.5514,20,375,353,2066,491,1129
2.90023, -0,-0,-0, 0,0,0,0,0,0, 0.0162316,0.510858,-1.61513,-4.83468,0.156906,8.5514,20,374,353,2062,490,1131
2.91007, -0,-0,-0, 0,0,0,0,0,0, 0.0162316,0.51016,-1.61495,-4.91313,0.156906,8.43372,19,374,355,2059,489,1130
2.92018, -0,-0,-0, 0,0,0,0,0,0, 0.0162316,0.509985,-1.61495,-4.91313,0.156906,8.48275,20,374,354,2051,489,1132
2.93012, -0,-0,-0, 0,0,0,0,0,0, 0.0162316,0.509636,-1.61478,-4.87391,0.11768,8.48275,20,375,354,2049,494,1127
2.94011, -0,-0,-0, 0,0,0,0,0,0, 0.016057,0.509287,-1.61478,-4.83468,0.156906,8.52198,20,373,355,2051,494,1136
2.95225, -0,-0,-0, 0,0,0,0,0,0, 0.0162316,0.508763,-1.6146,-4.79545,0.11768,8.5514,20,373,354,2039,497,1132
2.96014, -0,-0,-0, 0,0,0,0,0,0, 0.0162316,0.508414,-1.6146,-4.75623,0.196133,8.51217,20,372,354,2035,492,1124
2.97038, -0,-0,-0, 0,0,0,0,0,0, 0.0162316,0.508414,-1.6146,-4.75623,0.196133,8.51217,20,372,354,2035,492,1124
2.98039, -0,-0,-0, 0,0,0,0,0,0, 0.0162316,0.507891,-1.6146,-4.72681,0.156906,8.52198,20,373,354,2032,493,1131
2.99007, -0,-0,-0, 0,0,0,0,0,0, 0.0162316,0.507542,-1.6146,-4.72681,0.196133,8.56121,20,373,354,2027,502,1131
3.00119, -0,-0,-0, 0,0,0,0,0,0, 0.016057,0.507018,-1.61443,-4.75623,0.196133,8.59063,20,374,354,2024,498,1137
3.01014, -0,-0,-0, 0,0,0,0,0,0, 0.016057,0.506669,-1.61443,-4.75623,0.196133,8.59063,20,373,354,2018,492,1134
3.02123, -0,-0,-0, 0,0,0,0,0,0, 0.016057,0.505796,-1.61443,-4.75623,0.11768,8.60043,20,373,354,2022,502,1136
3.03014, -0,-0,-0, 0,0,0,0,0,0, 0.0162316,0.505273,-1.61443,-4.75623,0.11768,8.63966,20,373,354,2013,494,1135
3.04012, -0,-0,-0, 0,0,0,0,0,0, 0.016057,0.504924,-1.61443,-4.72681,0.11768,8.5514,20,375,354,2012,502,1132
3.05214, -0,-0,-0, 0,0,0,0,0,0, 0.016057,0.5044,-1.61443,-4.72681,0.11768,8.5514,20,374,353,2007,493,1133
3.06015, -0,-0,-0, 0,0,0,0,0,0, 0.016057,0.504051,-1.61425,-4.72681,0.156906,8.60043,20,374,353,2000,506,1138
3.07015, -0,-0,-0, 0,0,0,0,0,0, 0.016057,0.504051,-1.61425,-4.72681,0.156906,8.60043,20,374,353,2000,506,1138
3.08008, -0,-0,-0, 0,0,0,0,0,0, 0.016057,0.503178,-1.61425,-4.72681,0.11768,8.60043,20,374,353,1997,513,1135
3.09008, -0,-0,-0, 0,0,0,0,0,0, 0.016057,0.503178,-1.61425,-4.72681,0.11768,8.60043,20,374,353,1997,513,1135
3.10024, -0,-0,-0, 0,0,0,0,0,0, 0.016057,0.502655,-1.61408,-4.75623,0.156906,8.5514,20,373,354,1997,509,1130
3.11026, -0,-0,-0, 0,0,0,0,0,0, 0.016057,0.502306,-1.61391,-4.72681,0.156906,8.5514,20,371,353,1989,513,1138
3.1205, -0,-0,-0, 0,0,0,0,0,0, 0.016057,0.501782,-1.61391,-4.72681,0.156906,8.5514,20,372,354,1980,520,1131
3.13016, -0,-0,-0, 0,0,0,0,0,0, 0.016057,0.500909,-1.61356,-4.72681,0.11768,8.63966,21,373,354,1975,519,1136
3.1407, -0,-0,-0, 0,0,0,0,0,0, 0.016057,0.500386,-1.61356,-4.72681,0.156906,8.60043,20,373,353,1970,519,1135
3.15232, -0,-0,-0, 0,0,0,0,0,0, 0.016057,0.499862,-1.61338,-4.68758,0.156906,8.59063,20,373,355,1972,521,1137
3.16015, -0,-0,-0, 0,0,0,0,0,0, 0.016057,0.499513,-1.61338,-4.72681,0.156906,8.63966,21,373,354,1964,515,1140
3.17044, -0,-0,-0, 0,0,0,0,0,0, 0.016057,0.499513,-1.61338,-4.72681,0.156906,8.63966,21,373,354,1964,515,1140
3.18002, -0,-0,-0, 0,0,0,0,0,0, 0.016057,0.498466,-1.61321,-4.68758,0.196133,8.66908,20,372,354,1953,516,1138
3.19012, -0,-0,-0, 0,0,0,0,0,0, 0.016057,0.498117,-1.61321,-4.68758,0.196133,8.63966,21,373,354,1949,519,1139
3.20071, -0,-0,-0, 0,0,0,0,0,0, 0.016057,0.498117,-1.61321,-4.68758,0.196133,8.63966,21,373,354,1949,519,1139
3.21007, -0,-0,-0, 0,0,0,0,0,0, 0.016057,0.497593,-1.61303,-4.68758,0.156906,8.62985,21,372,353,1943,533,1136
3.2202, -0,-0,-0, 0,0,0,0,0,0, 0.016057,0.497244,-1.61303,-4.68758,0.156906,8.62985,21,371,354,1957,530,1140
3.23007, -0,-0,-0, 0,0,0,0,0,0, 0.016057,0.496721,-1.61303,-4.64835,0.156906,8.66908,20,370,353,1938,534,1138
3.24018, -0,-0,-0, 0,0,0,0,0,0, 0.016057,0.496023,-1.61303,-4.64835,0.156906,8.70831,21,369,354,1942,521,1142
3.2512, -0,-0,-0, 0,0,0,0,0,0, 0.016057,0.495674,-1.61303,-4.64835,0.156906,8.66908,21,369,353,1933,530,1136
3.26014, -0,-0,-0, 0,0,0,0,0,0, 0.016057,0.495324,-1.61303,-4.64835,0.156906,8.62985,21,372,354,1926,532,1131
3.27001, -0,-0,-0, 0,0,0,0,0,0, 0.016057,0.495324,-1.61303,-4.64835,0.156906,8.62985,21,372,354,1926,532,1131
3.2801, -0,-0,-0, 0,0,0,0,0,0, 0.016057,0.494801,-1.61303,-4.64835,0.11768,8.70831,21,373,354,1926,527,1139
3.29015, -0,-0,-0, 0,0,0,0,0,0, 0.016057,0.494452,-1.61303,-4.64835,0.156906,8.66908,21,372,354,1926,531,1131
3.30133, -0,-0,-0, 0,0,0,0,0,0, 0.016057,0.494277,-1.61303,-4.64835,0.156906,8.66908,21,372,354,1925,532,1139
3.31012, -0,-0,-0, 0,0,0,0,0,0, 0.016057,0.494277,-1.61303,-4.64835,0.156906,8.66908,21,372,354,1925,532,1139
3.321, -0,-0,-0, 0,0,0,0,0,0, 0.016057,0.493928,-1.61303,-4.64835,0.156906,8.66908,21,373,354,1918,538,1139
3.33012, -0,-0,-0, 0,0,0,0,0,0, 0.016057,0.493754,-1.61303,-4.64835,0.156906,8.66908,22,372,355,1918,525,1135
3.34014, -0,-0,-0, 0,0,0,0,0,0, 0.016057,0.493579,-1.61303,-4.60913,0.11768,8.70831,21,373,354,1924,523,1133
3.35311, -0,-0,-0, 0,0,0,0,0,0, 0.016057,0.49323,-1.61303,-4.60913,0.11768,8.70831,21,371,354,1918,532,1137
3.36014, -0,-0,-0, 0,0,0,0,0,0, 0.016057,0.493056,-1.61303,-4.60913,0.11768,8.74753,21,373,353,1917,522,1134
3.37021, -0,-0,-0, 0,0,0,0,0,0, 0.016057,0.493056,-1.61303,-4.60913,0.11768,8.70831,21,375,354,1920,533,1133
3.38016, -0,-0,-0, 0,0,0,0,0,0, 0.016057,0.492881,-1.61303,-4.60913,0.156906,8.63966,21,373,354,1924,528,1138
3.39002, -0,-0,-0, 0,0,0,0,0,0, 0.016057,0.492706,-1.61303,-4.60913,0.156906,8.66908,21,372,354,1918,533,1135
3.40213, -0,-0,-0, 0,0,0,0,0,0, 0.016057,0.492706,-1.61303,-4.64835,0.156906,8.62985,21,371,354,1919,532,1138
3.41012, -0,-0,-0, 0,0,0,0,0,0, 0.016057,0.492532,-1.61303,-4.64835,0.156906,8.66908,21,370,354,1913,541,1143
3.42113, -0,-0,-0, 0,0,0,0,0,0, 0.016057,0.492532,-1.61303,-4.64835,0.156906,8.66908,21,370,354,1913,541,1143
3.43013, -0,-0,-0, 0,0,0,0,0,0, 0.016057,0.492532,-1.61303,-4.64835,0.156906,8.66908,21,372,354,1915,533,1137
3.44015, -0,-0,-0, 0,0,0,0,0,0, 0.016057,0.492532,-1.61303,-4.64835,0.156906,8.62985,21,372,354,1912,525,1132
3.45207, -0,-0,-0, 0,0,0,0,0,0, 0.016057,0.492357,-1.61303,-4.68758,0.156906,8.62985,21,370,354,1911,533,1141
3.4602, -0,-0,-0, 0,0,0,0,0,0, 0.016057,0.492183,-1.61303,-4.64835,0.156906,8.66908,22,370,354,1919,535,1134
3.47052, -0,-0,-0, 0,0,0,0,0,0, 0.0158825,0.492183,-1.61303,-4.60913,0.156906,8.66908,21,371,354,1914,530,1140
3.48009, -0,-0,-0, 0,0,0,0,0,0, 0.0158825,0.492008,-1.61286,-4.64835,0.156906,8.62985,21,373,354,1917,524,1143
3.49015, -0,-0,-0, 0,0,0,0,0,0, 0.0158825,0.492008,-1.61286,-4.64835,0.156906,8.62985,21,371,353,1910,545,1137
3.50247, -0,-0,-0, 0,0,0,0,0,0, 0.0158825,0.491834,-1.61286,-4.64835,0.156906,8.62985,21,372,353,1914,540,1135
3.51022, -0,-0,-0, 0,0,0,0,0,0, 0.0158825,0.491659,-1.61286,-4.64835,0.156906,8.62985,21,372,354,1918,529,1133
3.52128, -0,-0,-0, 0,0,0,0,0,0, 0.0158825,0.491659,-1.61286,-4.64835,0.156906,8.62985,21,372,354,1918,529,1133
3.53014, -0,-0,-0, 0,0,0,0,0,0, 0.0158825,0.491659,-1.61286,-4.64835,0.11768,8.62985,21,371,354,1908,532,1140
3.54023, -0,-0,-0, 0,0,0,0,0,0, 0.0158825,0.491485,-1.61286,-4.64835,0.156906,8.62985,21,370,354,1908,531,1134
3.5534, -0,-0,-0, 0,0,0,0,0,0, 0.0158825,0.49131,-1.61268,-4.68758,0.156906,8.66908,21,371,353,1906,528,1135
3.56015, -0,-0,-0, 0,0,0,0,0,0, 0.0158825,0.49131,-1.61268,-4.60913,0.11768,8.66908,21,373,355,1909,526,1134
3.57021, -0,-0,-0, 0,0,0,0,0,0, 0.0158825,0.491136,-1.61268,-4.60913,0.11768,8.63966,22,372,354,1906,531,1139
3.58006, -0,-0,-0, 0,0,0,0,0,0, 0.0158825,0.490961,-1.61251,-4.60913,0.11768,8.63966,21,372,353,1909,523,1137
3.59011, -0,-0,-0, 0,0,0,0,0,0, 0.0158825,0.490787,-1.61251,-4.60913,0.156906,8.66908,22,372,354,1905,529,1141
3.60185, -0,-0,-0, 0,0,0,0,0,0, 0.0158825,0.490612,-1.61251,-4.64835,0.156906,8.66908,21,370,355,1905,537,1137
3.61011, -0,-0,-0, 0,0,0,0,0,0, 0.0158825,0.490437,-1.61234,-4.64835,0.156906,8.70831,21,371,355,1903,534,1138
3.62068, -0,-0,-0, 0,0,0,0,0,0, 0.015708,0.490437,-1.61234,-4.64835,0.196133,8.66908,20,371,353,1905,531,1140
3.63008, -0,-0,-0, 0,0,0,0,0,0, 0.015708,0.490263,-1.61234,-4.64835,0.156906,8.66908,21,370,354,1902,531,1137
3.64014, -0,-0,-0, 0,0,0,0,0,0, 0.015708,0.490263,-1.61234,-4.64835,0.156906,8.66908,21,370,354,1902,531,1137
3.65167, -0,-0,-0, 0,0,0,0,0,0, 0.015708,0.490263,-1.61216,-4.60913,0.156906,8.63966,21,373,354,1898,534,1138
3.66016, -0,-0,-0, 0,0,0,0,0,0, 0.015708,0.490088,-1.61216,-4.60913,0.156906,8.63966,22,370,353,1906,544,1137
3.67166, -0,-0,-0, 0,0,0,0,0,0, 0.015708,0.490088,-1.61216,-4.60913,0.156906,8.60043,22,370,354,1905,545,1139
3.68012, -0,-0,-0, 0,0,0,0,0,0, 0.015708,0.489914,-1.61216,-4.60913,0.156906,8.60043,22,369,354,1900,535,1142
3.69014, -0,-0,-0, 0,0,0,0,0,0, 0.015708,0.489739,-1.61216,-4.64835,0.156906,8.66908,21,369,354,1893,535,1139
3.70032, -0,-0,-0, 0,0,0,0,0,0, 0.015708,0.489565,-1.61199,-4.64835,0.156906,8.66908,21,370,354,1892,536,1144
3.71009, -0,-0,-0, 0,0,0,0,0,0, 0.015708,0.48939,-1.61199,-4.64835,0.156906,8.62985,21,372,354,1892,536,1139
3.72069, -0,-0,-0, 0,0,0,0,0,0, 0.015708,0.48939,-1.61199,-4.64835,0.156906,8.62985,21,371,354,1892,544,1143
3.7301, -0,-0,-0, 0,0,0,0,0,0, 0.015708,0.489216,-1.61199,-4.60913,0.156906,8.63966,21,370,354,1897,540,1139
3.74042, -0,-0,-0, 0,0,0,0,0,0, 0.015708,0.489216,-1.61199,-4.60913,0.156906,8.60043,21,371,353,1899,544,1138
3.7529, -0,-0,-0, 0,0,0,0,0,0, 0.015708,0.489216,-1.61199,-4.60913,0.156906,8.60043,21,371,353,1899,544,1138
3.76016, -0,-0,-0, 0,0,0,0,0,0, 0.015708,0.489041,-1.61199,-4.60913,0.156906,8.66908,21,372,354,1889,534,1141
3.77047, -0,-0,-0, 0,0,0,0,0,0, 0.015708,0.488867,-1.61199,-4.60913,0.156906,8.66908,21,372,354,1893,547,1136
3.78014, -0,-0,-0, 0,0,0,0,0,0, 0.015708,0.488692,-1.61199,-4.60913,0.156906,8.66908,21,371,353,1892,540,1137
3.79011, -0,-0,-0, 0,0,0,0,0,0, 0.015708,0.488692,-1.61199,-4.60913,0.156906,8.63966,21,371,354,1888,538,1140
3.80323, -0,-0,-0, 0,0,0,0,0,0, 0.015708,0.488518,-1.61199,-4.60913,0.156906,8.66908,21,371,354,1890,544,1139
3.81015, -0,-0,-0, 0,0,0,0,0,0, 0.0155334,0.488343,-1.61199,-4.60913,0.11768,8.70831,21,371,354,1891,547,1142
3.82011, -0,-0,-0, 0,0,0,0,0,0, 0.0155334,0.488169,-1.61199,-4.60913,0.11768,8.66908,21,371,354,1896,540,1144
3.83013, -0,-0,-0, 0,0,0,0,0,0, 0.015708,0.488169,-1.61199,-4.5699,0.11768,8.66908,21,371,354,1887,544,1138
3.84014, -0,-0,-0, 0,0,0,0,0,0, 0.015708,0.487994,-1.61199,-4.5699,0.11768,8.66908,21,371,354,1898,540,1138
3.85054, -0,-0,-0, 0,0,0,0,0,0, 0.015708,0.487994,-1.61199,-4.5699,0.11768,8.66908,21,371,354,1898,540,1138
3.86013, -0,-0,-0, 0,0,0,0,0,0, 0.015708,0.487994,-1.61199,-4.5699,0.156906,8.66908,21,370,353,1892,537,1137
3.87019, -0,-0,-0, 0,0,0,0,0,0, 0.0155334,0.48782,-1.61199,-4.60913,0.156906,8.63966,21,371,354,1879,539,1144
3.88014, -0,-0,-0, 0,0,0,0,0,0, 0.015708,0.487645,-1.61199,-4.60913,0.156906,8.70831,21,372,354,1881,537,1140
3.89018, -0,-0,-0, 0,0,0,0,0,0, 0.015708,0.487645,-1.61199,-4.60913,0.156906,8.66908,21,371,354,1883,542,1132
3.90374, -0,-0,-0, 0,0,0,0,0,0, 0.0155334,0.48747,-1.61199,-4.60913,0.156906,8.66908,21,371,352,1878,532,1138
3.91013, -0,-0,-0, 0,0,0,0,0,0, 0.0155334,0.487296,-1.61199,-4.60913,0.156906,8.63966,21,369,353,1874,548,1140
3.92024, -0,-0,-0, 0,0,0,0,0,0, 0.0155334,0.487121,-1.61199,-4.60913,0.156906,8.60043,21,370,352,1881,542,1140
3.93016, -0,-0,-0, 0,0,0,0,0,0, 0.0155334,0.486947,-1.61199,-4.60913,0.156906,8.60043,21,373,354,1876,540,1141
3.94017, -0,-0,-0, 0,0,0,0,0,0, 0.0155334,0.486772,-1.61199,-4.60913,0.11768,8.63966,21,372,353,1877,548,1150
3.95044, -0,-0,-0, 0,0,0,0,0,0, 0.0155334,0.486598,-1.61199,-4.60913,0.11768,8.63966,21,371,353,1872,546,1137
3.96012, -0,-0,-0, 0,0,0,0,0,0, 0.0155334,0.486249,-1.61199,-4.60913,0.11768,8.66908,21,372,354,1871,542,1140
3.97017, -0,-0,-0, 0,0,0,0,0,0, 0.0155334,0.486249,-1.61199,-4.60913,0.11768,8.66908,21,372,354,1871,542,1140
3.98007, -0,-0,-0, 0,0,0,0,0,0, 0.0155334,0.486074,-1.61199,-4.60913,0.156906,8.66908,21,371,354,1876,546,1140
3.99018, -0,-0,-0, 0,0,0,0,0,0, 0.0155334,0.4859,-1.61181,-4.5699,0.11768,8.66908,21,372,354,1864,551,1141
4.0013, -0,-0,-0, 0,0,0,0,0,0, 0.0153589,0.485725,-1.61181,-4.5699,0.156906,8.70831,21,372,354,1871,553,1144
4.01013, -0,-0,-0, 0,0,0,0,0,0, 0.0153589,0.485551,-1.61181,-4.5699,0.156906,8.66908,22,372,354,1870,541,1143
4.02028, -0,-0,-0, 0,0,0,0,0,0, 0.0153589,0.485027,-1.61164,-4.53067,0.156906,8.66908,21,371,354,1866,556,1142
4.03014, -0,-0,-0, 0,0,0,0,0,0, 0.0153589,0.484852,-1.61164,-4.5699,0.156906,8.66908,22,372,355,1865,545,1138
4.04016, -0,-0,-0, 0,0,0,0,0,0, 0.0153589,0.484678,-1.61164,-4.5699,0.156906,8.70831,22,372,355,1860,546,1138
4.05379, -0,-0,-0, 0,0,0,0,0,0, 0.0153589,0.484503,-1.61164,-4.53067,0.156906,8.70831,22,371,354,1862,549,1138
4.0601, -0,-0,-0, 0,0,0,0,0,0, 0.0153589,0.484329,-1.61164,-4.53067,0.156906,8.70831,22,371,355,1863,549,1138
4.07021, -0,-0,-0, 0,0,0,0,0,0, 0.0153589,0.484329,-1.61164,-4.53067,0.156906,8.70831,22,371,355,1863,549,1138
4.08018, -0,-0,-0, 0,0,0,0,0,0, 0.0153589,0.484154,-1.61164,-4.5699,0.156906,8.66908,21,370,355,1860,558,1146
4.09014, -0,-0,-0, 0,0,0,0,0,0, 0.0153589,0.48398,-1.61164,-4.5699,0.156906,8.70831,22,372,354,1860,560,1143
4.10178, -0,-0,-0, 0,0,0,0,0,0, 0.0151844,0.483805,-1.61164,-4.5699,0.156906,8.74753,22,373,355,1858,549,1144
4.11015, -0,-0,-0, 0,0,0,0,0,0, 0.0153589,0.483805,-1.61164,-4.53067,0.11768,8.74753,21,372,354,1859,547,1140
4.12074, -0,-0,-0, 0,0,0,0,0,0, 0.0153589,0.483631,-1.61164,-4.53067,0.156906,8.74753,21,370,354,1850,564,1139
4.13013, -0,-0,-0, 0,0,0,0,0,0, 0.0153589,0.483631,-1.61164,-4.53067,0.11768,8.74753,21,369,354,1850,553,1136
4.1401, -0,-0,-0, 0,0,0,0,0,0, 0.0153589,0.483456,-1.61164,-4.53067,0.11768,8.70831,22,369,354,1864,552,1140
4.15024, -0,-0,-0, 0,0,0,0,0,0, 0.0153589,0.483456,-1.61164,-4.53067,0.156906,8.74753,21,370,354,1858,549,1136
4.16014, -0,-0,-0, 0,0,0,0,0,0, 0.0153589,0.483631,-1.61164,-4.53067,0.196133,8.81618,22,369,354,1858,552,1138
4.17033, -0,-0,-0, 0,0,0,0,0,0, 0.0153589,0.483631,-1.61164,-4.53067,0.196133,8.81618,22,369,354,1858,552,1138
4.18007, -0,-0,-0, 0,0,0,0,0,0, 0.0153589,0.483805,-1.61164,-4.49145,0.156906,8.82598,21,372,354,1860,533,1137
4.19015, -0,-0,-0, 0,0,0,0,0,0, 0.0153589,0.483805,-1.61164,-4.49145,0.156906,8.82598,21,372,354,1860,533,1137
4.20178, -0,-0,-0, 0,0,0,0,0,0, 0.0153589,0.484154,-1.61164,-4.49145,0.156906,8.82598,21,371,354,1866,543,1139
4.21013, -0,-0,-0, 0,0,0,0,0,0, 0.0153589,0.484329,-1.61164,-4.45222,0.156906,8.74753,21,371,354,1871,532,1137
4.22029, -0,-0,-0, 0,0,0,0,0,0, 0.0153589,0.484503,-1.61164,-4.49145,0.156906,8.66908,20,372,354,1866,531,1130
4.23017, -0,-0,-0, 0,0,0,0,0,0, 0.0153589,0.484852,-1.61164,-4.53067,0.11768,8.66908,21,372,355,1874,530,1136
4.24017, -0,-0,-0, 0,0,0,0,0,0, 0.0155334,0.485202,-1.61164,-4.60913,0.11768,8.60043,21,373,354,1877,532,1140
4.25054, -0,-0,-0, 0,0,0,0,0,0, 0.0155334,0.485376,-1.61164,-4.68758,0.11768,8.56121,21,372,354,1871,529,1139
4.26016, -0,-0,-0, 0,0,0,0,0,0, 0.0155334,0.485551,-1.61164,-4.68758,0.11768,8.51217,21,371,354,1878,526,1137
4.27085, -0,-0,-0, 0,0,0,0,0,0, 0.0155334,0.485551,-1.61164,-4.72681,0.156906,8.52198,21,372,353,1872,522,1131
4.28013, -0,-0,-0, 0,0,0,0,0,0, 0.0155334,0.485551,-1.61164,-4.72681,0.156906,8.52198,21,372,354,1876,527,1137
4.2901, -0,-0,-0, 0,0,0,0,0,0, 0.0155334,0.485725,-1.61164,-4.72681,0.11768,8.63966,22,373,353,1881,518,1135
4.3044, -0,-0,-0, 0,0,0,0,0,0, 0.0155334,0.485725,-1.61164,-4.72681,0.11768,8.63966,22,373,353,1881,518,1135
4.31013, -0,-0,-0, 0,0,0,0,0,0, 0.0155334,0.485725,-1.61164,-4.68758,0.11768,8.62985,21,372,354,1872,528,1134
4.32018, -0,-0,-0, 0,0,0,0,0,0, 0.0155334,0.485551,-1.61146,-4.60913,0.156906,8.66908,21,372,354,1880,529,1139
4.33011, -0,-0,-0, 0,0,0,0,0,0, 0.0155334,0.485551,-1.61146,-4.60913,0.156906,8.66908,21,373,353,1874,525,1139
4.34117, -0,-0,-0, 0,0,0,0,0,0, 0.0155334,0.485725,-1.61146,-4.5699,0.156906,8.74753,21,372,354,1873,534,1136
4.351, -0,-0,-0, 0,0,0,0,0,0, 0.0153589,0.4859,-1.61129,-4.49145,0.196133,8.8554,21,371,354,1878,522,1137
4.36012, -0,-0,-0, 0,0,0,0,0,0, 0.0153589,0.486074,-1.61129,-4.49145,0.196133,8.8554,21,371,354,1878,529,1144
4.37143, -0,-0,-0, 0,0,0,0,0,0, 0.0153589,0.486074,-1.61129,-4.49145,0.196133,8.8554,21,371,354,1878,529,1144
4.38037, -0,-0,-0, 0,0,0,0,0,0, 0.0151844,0.486947,-1.61111,-4.49145,0.156906,8.86521,21,371,354,1888,535,1135
4.39142, -0,-0,-0, 0,0,0,0,0,0, 0.0151844,0.486947,-1.61111,-4.49145,0.156906,8.86521,21,371,354,1888,535,1135
4.40308, -0,-0,-0, 0,0,0,0,0,0, 0.0153589,0.48747,-1.61094,-4.45222,0.11768,8.8554,21,373,354,1889,525,1140
4.41022, -0,-0,-0, 0,0,0,0,0,0, 0.0153589,0.488169,-1.61076,-4.45222,0.0784532,8.8554,21,373,354,1905,521,1146
4.42082, -0,-0,-0, 0,0,0,0,0,0, 0.0155334,0.488692,-1.61059,-4.49145,0.0784532,8.77695,21,371,354,1912,514,1142
4.43016, -0,-0,-0, 0,0,0,0,0,0, 0.0155334,0.48939,-1.61042,-4.60913,0.0392266,8.60043,21,372,354,1911,513,1138
4.44015, -0,-0,-0, 0,0,0,0,0,0, 0.015708,0.490088,-1.61007,-4.68758,0,8.44353,21,372,354,1923,501,1130
4.45069, -0,-0,-0, 0,0,0,0,0,0, 0.0158825,0.490612,-1.60989,-4.68758,-0.0784532,8.36507,20,373,353,1920,498,1141
4.46007, -0,-0,-0, 0,0,0,0,0,0, 0.0158825,0.491136,-1.60937,-4.64835,0.0392266,8.44353,21,375,354,1921,492,1143
4.47036, -0,-0,-0, 0,0,0,0,0,0, 0.0158825,0.491136,-1.60937,-4.64835,0.0392266,8.44353,21,375,354,1921,492,1143
4.48015, -0,-0,-0, 0,0,0,0,0,0, 0.0162316,0.49131,-1.60902,-4.68758,0.11768,8.51217,21,375,353,1926,481,1138
4.49017, -0,-0,-0, 0,0,0,0,0,0, 0.0164061,0.49131,-1.60884,-4.75623,0.196133,8.47295,21,376,354,1917,478,1135
4.50323, -0,-0,-0, 0,0,0,0,0,0, 0.0164061,0.49131,-1.60867,-4.75623,0.23536,8.44353,21,378,354,1926,476,1142
4.51012, -0,-0,-0, 0,0,0,0,0,0, 0.0164061,0.491136,-1.6085,-4.72681,0.274586,8.48275,22,376,354,1919,477,1137
4.5202, -0,-0,-0, 0,0,0,0,0,0, 0.0164061,0.491136,-1.6085,-4.72681,0.274586,8.48275,22,376,354,1919,477,1137
4.53014, -0,-0,-0, 0,0,0,0,0,0, 0.0164061,0.490961,-1.60832,-4.72681,0.274586,8.48275,22,373,354,1914,484,1136
4.54015, -0,-0,-0, 0,0,0,0,0,0, 0.0162316,0.490612,-1.60797,-4.72681,0.274586,8.48275,20,372,354,1916,506,1141
4.55132, -0,-0,-0, 0,0,0,0,0,0, 0.0158825,0.490263,-1.60762,-4.68758,0.23536,8.43372,21,372,353,1909,514,1144
4.56014, -0,-0,-0, 0,0,0,0,0,0, 0.0155334,0.489739,-1.60745,-4.72681,0.196133,8.44353,21,373,353,1904,536,1143
4.57006, -0,-0,-0, 0,0,0,0,0,0, 0.0150098,0.488692,-1.60692,-4.72681,0.156906,8.60043,21,374,354,1904,540,1148
4.58012, -0,-0,-0, 0,0,0,0,0,0, 0.0150098,0.488169,-1.60675,-4.68758,0.156906,8.66908,22,374,354,1902,536,1148
4.59013, -0,-0,-0, 0,0,0,0,0,0, 0.0150098,0.487645,-1.60675,-4.68758,0.196133,8.63966,21,372,354,1892,529,1147
4.601, -0,-0,-0, 0,0,0,0,0,0, 0.0150098,0.487121,-1.60658,-4.64835,0.196133,8.60043,22,372,353,1884,534,1150
