sick_one,works_one,sick_two,works_two,sick_three,works_three,sick_four,works_four
575.6785289105067,1,314.91180115756225,1,1168.770645035272,0,551.4872739216624,1
572.0353969049104,1,315.57447606018445,1,1173.3805347098528,0,552.5515873321946,1
570.4539520061076,1,317.8914618025659,1,1174.5021519263194,0,552.9079888257202,1
572.5886187790118,1,318.9327619192143,1,1174.9291923522337,0,551.0535941363087,1
575.4072864306546,1,319.2137707633892,1,1174.213777122496,0,547.7491574895835,1
577.6385333004289,1,319.084750337566,1,1171.4369749306575,0,544.6124051580942,1
578.3130744498801,1,319.2103974137262,1,1166.086016938988,0,544.7869339324668,1
578.1927453365645,1,318.33580505771124,1,1161.276268667462,0,548.4697724330297,1
577.9531295042963,1,315.98146489277894,1,1162.7563810627485,0,551.0250446066225,1
576.3171116940039,1,314.1681259591413,1,1167.95239837654,0,551.975380646642,1
573.4164187657284,1,314.6424156802383,1,1172.3216383289837,0,552.3067382477774,1
570.4454534615661,1,317.04470421080487,1,1174.844026288136,0,552.4795137448988,1
570.478307610023,1,318.6239671567905,1,1175.2732670466564,0,551.9155353008088,1
573.604825237539,1,319.1105785216208,1,1174.894557797354,0,549.2784050199629,1
576.3083538956815,1,319.5479442839343,1,1173.0170022586124,0,545.4944363939092,1
577.9352184159434,1,319.47185168029074,1,1168.1654354142552,0,544.1283992736796,1
578.3042480985717,1,318.35349235910627,1,1163.4715996101784,0,546.55460867783,1
577.8184532255445,1,316.2068145403566,1,1162.7957485557008,0,549.93315983303,1
576.8569463623996,1,313.73461784637357,1,1166.8617837434292,0,551.7574870406113,1
573.9937439621821,1,313.4944861366028,1,1171.9715356977842,0,552.3159031389498,1
571.1534839987938,1,315.57125088091385,1,1174.1032805883783,0,552.2760816904985,1
571.4856190526525,1,317.99593464950846,1,1174.5463825128368,0,551.3579618477561,1
574.1315539270912,1,319.4304203810957,1,1173.6742773603116,0,549.6332899018123,1
577.0346124357719,1,319.3386500965342,1,1171.908357478268,0,546.6790884745992,1
578.3761703308359,1,319.116285992984,1,1168.082421690326,0,545.3003947279886,1
578.3934654641208,1,318.1118499180126,1,1163.303446605264,0,547.7704178174606,1
577.9843121250776,1,316.2025913555516,1,1163.0166824079574,0,550.6545934671024,1
576.4961435699457,1,314.15840648507935,1,1166.6767197550264,0,552.5622641099886,1
573.8537691623362,1,313.40916651975533,1,1170.8960027471423,0,553.3345657927913,1
571.2688106806304,1,315.4599353299169,1,1173.8751643467165,0,552.9159497014389,1
571.4587682877227,1,317.60029056472644,1,1175.00590754473,0,551.7928161479912,1
574.2185329251508,1,318.6282172672037,1,1174.5452549626466,0,549.4046655981492,1
576.8306564180886,1,319.59345795114433,1,1171.9974579052202,0,546.3140548833887,1
578.658468932842,1,319.1827887322022,1,1166.746263363831,0,545.4716389282843,1
579.7428101510094,1,317.4103924281616,1,1162.1160512112479,0,547.5198894757095,1
579.217007108005,1,315.4592191485118,1,1162.7684128888448,0,550.2746738916072,1
576.7551358018605,1,313.4398813756255,1,1167.2901539367622,0,551.9895799948204,1
573.0827392819922,1,313.82750662495647,1,1171.31289261705,0,552.6832940250715,1
571.2709526634783,1,316.06423330173607,1,1173.4880614335132,0,552.945081565589,1
572.8281720920432,1,317.69097743005034,1,1174.519358648653,0,551.0263872337133,1
575.6227002511437,1,319.06317443658975,1,1174.1028594547406,0,548.0451584502414,1
577.4692481991154,1,319.56906080713463,1,1171.5850690399152,0,545.2328884398396,1
577.7771211834038,1,319.11287609374574,1,1166.0749248175073,0,545.1037841135203,1
578.4072587751498,1,317.5228768172288,1,1161.0452567054394,0,548.3181979158016,1
578.2041396150647,1,315.69566055748413,1,1162.71112221149,0,550.5027135358321,1
575.6458839420346,1,314.45388438736165,1,1168.2009826565552,0,551.6204044509327,1
572.1184381622427,1,314.5699554111198,1,1172.2112340103517,0,552.4324023254454,1
569.7737993992491,1,316.35547213926304,1,1173.986837366269,0,552.1980091518101,1
571.2845728441434,1,317.46224462893434,1,1174.970063650686,0,551.0952432360223,1
574.73151036913,1,318.05441019475273,1,1175.4147904773113,0,548.6685194041237,1
576.8109821663459,1,319.41682802225625,1,1173.2588155097792,0,545.4992791582672,1
577.6980573102041,1,319.70273910517875,1,1168.1062979434842,0,544.8130870882711,1
577.9852332442525,1,318.7237328106098,1,1162.7609885162497,0,547.6489040599498,1
577.4964239526433,1,316.7784239875229,1,1161.6423959874742,0,550.8340883605495,1
575.7962810452887,1,314.4430776629922,1,1166.3014390943267,0,552.0552672962518,1
572.5363283673319,1,314.8292728581754,1,1171.5907254742542,0,552.5706897292935,1
569.8473440268158,1,317.27835702770574,1,1174.4031663511278,0,553.3402918436709,1
569.59831193759,1,319.3694133444178,1,1175.5882114631922,0,552.815010868396,1
572.0071257884473,1,320.25717182338127,1,1175.5555415353604,0,550.6759155448494,1
575.4330109058906,1,320.3805014311981,1,1174.7511809054809,0,547.4400719902176,1
577.3403353200814,1,320.8376426083824,1,1170.908299516517,0,545.3982380963206,1
578.1104191024358,1,320.40166300097303,1,1164.888702541547,0,547.1555154986454,1
577.7919538176766,1,318.4520687387679,1,1161.0771266326879,0,550.2891209798458,1
576.8389373648126,1,315.84714833287535,1,1162.3975703796518,0,552.2090587504285,1
575.1389996043871,1,313.91684740686856,1,1167.7085506363076,0,552.884866915993,1
572.1948666780011,1,314.6849761336634,1,1172.1000509656558,0,553.1869007594798,1
569.1943795511229,1,316.7003019192407,1,1173.7436720518951,0,553.1825024450724,1
569.2071706688621,1,318.06991732311906,1,1174.4137294295751,0,551.9739653925644,1
572.6883471833731,1,319.10737263036964,1,1174.4221529109177,0,549.31811411032,1
575.8959689658823,1,319.91909193595194,1,1172.69595589779,0,545.9931588492085,1
577.1288277281221,1,320.4707363760257,1,1168.6176735762333,0,544.4673310543011,1
577.4931580423637,1,320.04564884668855,1,1162.6615718837375,0,546.5752862014992,1
577.8985970907811,1,318.3167861982909,1,1159.7870423939046,0,549.7899668922847,1
577.3323192448382,1,315.8618749971421,1,1163.0851454248245,0,551.8174185039117,1
575.5795287079584,1,314.033520326679,1,1168.9579847839318,0,552.6187082044603,1
572.4416368678352,1,315.2975904438407,1,1173.2843770467775,0,552.9011890419016,1
570.4669657401464,1,317.5432933195365,1,1175.1630928863524,0,553.0931630190267,1
571.8608754673231,1,318.42948492121036,1,1175.7694469021346,0,551.1270233894695,1
574.6496451312662,1,319.0850730730954,1,1174.8965509927407,0,547.851475138642,1
577.3867072181292,1,319.69060779927867,1,1172.12446180914,0,544.8916007468355,1
578.2471602222552,1,320.0487968598054,1,1166.6649698997367,0,544.7670147401341,1
578.2531768053765,1,318.90558132126665,1,1161.2227775870583,0,548.2989899640895,1
578.1520388973598,1,316.6353465384283,1,1161.0439753525243,0,551.1710564837822,1
576.6101306843888,1,314.2925098892001,1,1165.336068040154,0,552.4415162186317,1
574.1416883611236,1,312.70031810238464,1,1170.543580232376,0,552.8855996255531,1
571.2014136233614,1,314.39154621221024,1,1174.08260551821,0,553.1349835802866,1
569.0453627447195,1,317.3008720354323,1,1175.1468845648772,0,553.6189556875852,1
569.9477130704777,1,317.99807371959616,1,1175.1438788971334,0,552.3754092733968,1
573.1390064105582,1,318.25856262660426,1,1174.63902029374,0,549.2240294714618,1
575.6761030871476,1,318.64892024535663,1,1172.3405230195617,0,546.400955086133,1
576.8215667100751,1,318.7008779255111,1,1167.4822263671322,0,545.4782811774589,1
577.2843434544989,1,318.2561973104573,1,1161.1077638135075,0,547.5244035482486,1
577.4410063631503,1,316.2473575040696,1,1158.1723900387158,0,550.5398172983562,1
576.7582736415756,1,313.9221678626751,1,1161.5408801717097,0,552.3794319684882,1
574.9789537601692,1,312.60863067932047,1,1167.0704755319239,0,553.4199735838688,1
571.6651924106469,1,313.47591800929723,1,1170.9959938559236,0,553.6029743795785,1
568.887026307982,1,315.9319583573089,1,1172.5464073275928,0,553.6225114631222,1
569.8401076280709,1,317.4410863596554,1,1173.1531208104107,0,552.6923165501134,1
572.9080375850396,1,318.8400161257619,1,1173.1743642198712,0,550.1732114572624,1
575.9926571739018,1,319.79072879480793,1,1172.0714324596192,0,546.9411889064625,1
577.7206709238218,1,319.95684207020486,1,1168.863668716445,0,544.6922912523286,1
577.4218541775845,1,319.74973861584016,1,1163.5550398888843,0,546.2040178659759,1
577.4292318726534,1,318.22235028418123,1,1159.109269151683,0,549.4852378028528,1
577.4342457542224,1,316.01102570746275,1,1160.6132669230324,0,551.7151548719544,1
575.7540247416417,1,314.134883149413,1,1166.495938007189,0,552.9161157404541,1
573.086358261856,1,314.2998298304225,1,1171.1083541057085,0,553.4177979750248,1
569.7476238425578,1,316.1718947946211,1,1173.3490570612053,0,553.6539109644184,1
569.2674751556035,1,317.44415014429046,1,1174.4248912772323,0,552.9757312942456,1
572.6241033346566,1,318.202110201151,1,1175.3795019667086,0,550.7327260176465,1
576.1153757910594,1,318.930549213343,1,1174.9108866099555,0,547.7931711591922,1
578.1197508297599,1,319.2122670084791,1,1172.3576780508633,0,544.9568076196219,1
578.7453366607193,1,319.1370607251165,1,1167.0469374138763,0,544.7589142022695,1
579.3809383472512,1,317.9126390684203,1,1161.5382311487335,0,547.612088166623,1
579.2867593638886,1,315.9072106440064,1,1160.5320678851797,0,550.1276716075109,1
577.8021938250654,1,313.8510010747384,1,1164.8764388472143,0,551.7324318567178,1
575.1096546383862,1,313.14692146350023,1,1170.7899006235148,0,552.6133664076375,1
571.9644702832951,1,314.80172253519925,1,1173.8589257825656,0,553.107219271222,1
570.9318841635874,1,316.51298107678736,1,1174.715529621203,0,552.8138601339906,1
572.5977411395173,1,317.8359493998129,1,1174.9065985164782,0,550.7799637629681,1
575.571326153713,1,319.108365047853,1,1174.3101592298485,0,547.8776890595229,1
577.4869477514545,1,320.13309574042324,1,1172.117029040541,0,545.3287367563485,1
577.7365364102204,1,320.18951464644505,1,1167.3303398589896,0,544.5399410860963,1
578.0639970295765,1,319.1078778078418,1,1161.954305206697,0,546.8867076221586,1
577.9708589327731,1,317.30615062457883,1,1159.8091999117826,0,549.8443635039339,1
576.7500677252204,1,314.9083853643103,1,1162.7649930395778,0,551.4350654123062,1
574.7629234636024,1,313.27886409343176,1,1168.1817248322575,0,552.5685215578463,1
571.728831776912,1,314.5713967101762,1,1172.030541075761,0,553.4960637401863,1
569.6142496776843,1,316.88977503997586,1,1174.2551175213835,0,553.4974398639811,1
570.0712616853557,1,318.4120126135203,1,1175.6552027956964,0,551.8210909621829,1
572.9072897155115,1,319.7131869654382,1,1175.4334635277319,0,549.423881161874,1
575.7816953659587,1,320.2774710186771,1,1173.383242592977,0,546.4843591663268,1
576.9459406117082,1,320.34096442493376,1,1168.861279858018,0,545.4825474617485,1
577.8950018475784,1,318.9974737197531,1,1163.2182057863008,0,547.370057529221,1
578.1190767518522,1,316.75112895182707,1,1161.4503048926063,0,549.5438665574502,1
576.7981831661135,1,314.74452199305784,1,1165.5004727174614,0,551.4929233305273,1
573.7959683271271,1,314.39414635223903,1,1170.9905202854707,0,552.6078417990694,1
570.3877150097749,1,316.44932166039723,1,1173.9393984657645,0,553.1034647472391,1
570.3338417802797,1,318.00601581798384,1,1174.8260872957708,0,552.6016480450506,1
573.1909659259278,1,318.79728347054265,1,1174.8699966339825,0,549.79710236956,1
575.9218683296046,1,319.86835236109573,1,1173.2237842482493,0,546.3186792701879,1
577.4621092694257,1,319.9029303670793,1,1168.7529119669412,0,545.2651211471118,1
577.7196561778336,1,318.43312407709817,1,1162.8652167721948,0,547.7464458918968,1
577.5263913341169,1,315.7276088620298,1,1161.1545451195539,0,550.4810567606584,1
576.3953941562206,1,313.1956203098329,1,1165.5229481319595,0,551.2387806062527,1
573.5748463049568,1,313.12818341076974,1,1170.670583942767,0,551.9109751175495,1
570.6583475951317,1,315.42897622721256,1,1173.9454434835272,0,552.2629682502062,1
569.7811762399467,1,317.68591543730344,1,1175.2771430023708,0,551.8732012398362,1
572.3418539241408,1,318.4730785730574,1,1175.064797214056,0,550.0882768498906,1
575.7131055358609,1,318.74137294317876,1,1174.02659199126,0,546.0972404181384,1
577.3202340747973,1,319.4036968515999,1,1169.9689213778838,0,543.6994228307813,1
577.7810779624231,1,319.26715644650136,1,1164.0826958413338,0,545.3196039722511,1
577.2524532452061,1,317.94771978128597,1,1160.8087066745532,0,548.7269447348466,1
576.6301329426205,1,315.45106044198326,1,1163.3883893964908,0,550.7804978740551,1
574.9444827301124,1,314.0743247913176,1,1169.3316747042745,0,551.3898656583068,1
571.4839257317615,1,315.1653241398469,1,1172.9796523259818,0,551.8039920044843,1
569.6582650852118,1,317.13341110301786,1,1174.3414491363728,0,551.5612809832437,1
571.8900297807122,1,318.8442493789007,1,1174.3730312236576,0,550.0335412293412,1
575.6164994037988,1,318.94028828344244,1,1173.3888625069872,0,547.2131749198393,1
577.4650341032598,1,319.0588886623564,1,1172.4406792518075,0,544.8247178184092,1
577.8794840617661,1,319.5128158555783,1,1168.108976933227,0,545.350542645299,1
577.6350103640374,1,318.1146699156947,1,1162.651072279547,0,548.0665739851162,1
576.6270518158136,1,315.6711844321023,1,1164.0259082319178,0,550.6986158128102,1
574.8897754073814,1,313.8505946792906,1,1169.3179849923022,0,551.9107850241979,1
572.130720691622,1,314.0532950467399,1,1173.1938225539898,0,551.9483482911028,1
569.7821466062152,1,316.6976701676668,1,1174.7663414186572,0,552.0262914159016,1
570.7641117164679,1,318.8681138755606,1,1174.4941827014998,0,550.9785438626989,1
573.6938309303732,1,319.9164887043459,1,1173.5270654903948,0,548.1698894811309,1
576.2636153866257,1,320.04230850472686,1,1170.4116013148207,0,545.5797312914835,1
578.0100409030949,1,319.27449821086725,1,1165.6685152249956,0,545.3394985154974,1
577.4606698486396,1,318.69936199577285,1,1161.1601398198309,0,547.7969927514516,1
576.4559566125962,1,316.97519093930936,1,1161.1131436040487,0,550.6726537922427,1
574.8261124962278,1,314.7367975015885,1,1166.1093644917487,0,552.207632006682,1
572.034841988249,1,314.38889678783653,1,1170.3428227930208,0,553.0935578153841,1
569.506533883591,1,316.2324246988797,1,1173.052275737367,0,552.9094060658238,1
569.5245375311133,1,318.4986007155855,1,1174.4466724458161,0,552.0504447362786,1
572.956643091912,1,319.558702882052,1,1174.0534619112927,0,550.4183920445139,1
575.8678493095134,1,319.3191662054092,1,1172.445393494445,0,547.2650590193895,1
577.3727845544187,1,318.7297183648635,1,1169.1178126357127,0,545.2792992813457,1
578.1850849910444,1,318.00913557610414,1,1164.007098291749,0,546.4981182652753,1
577.8426967555749,1,316.55944540388987,1,1162.0423046783749,0,549.6326933056064,1
576.2420615979728,1,314.29425981755526,1,1165.7910588937377,0,552.2871017891183,1
573.3128013315127,1,313.0748337294067,1,1170.6293182602071,0,553.0427352223072,1
570.2171948864143,1,314.3794053353974,1,1173.6939255693953,0,552.8748670315687,1
570.3231830823497,1,316.1726419684146,1,1175.3296851841912,0,551.6600661083269,1
573.0784954969085,1,317.60465494176276,1,1175.5474523933494,0,548.9999578995316,1
575.5823664812783,1,318.63118329783765,1,1172.790288157258,0,546.9824878463933,1
577.336610591209,1,318.42216219904014,1,1167.6761498765784,0,546.6597177704862,1
577.8448208319294,1,317.5334587088736,1,1162.1334492555843,0,548.7990440143625,1
577.8219067888522,1,315.59618733227103,1,1162.109815330983,0,551.563308344958,1
576.1227059586821,1,313.7462943108579,1,1167.9599398177609,0,552.9701662265383,1
572.6529399605681,1,314.3557388920649,1,1172.1032897361733,0,554.0310971000807,1
570.5579539330147,1,315.99656123536363,1,1174.1369521938013,0,554.0182939211961,1
571.7648708763375,1,317.53832281496875,1,1174.8486079312124,0,551.9129877364147,1
575.0579209118089,1,318.5861039844684,1,1174.4942225843663,0,548.4904467660465,1
577.0854241601035,1,318.9781820309359,1,1171.7951709837428,0,545.7975820223122,1
577.5162743664912,1,318.8179795562159,1,1165.770762586004,0,546.8503432160361,1
577.9143069446582,1,317.0558034333865,1,1161.9559168342312,0,549.7148199963126,1
577.395609050486,1,315.004911110113,1,1165.1736653241971,0,551.2946125159165,1
574.6228860697703,1,314.3044450992527,1,1170.5449482247436,0,552.2634092550187,1
570.8444615297692,1,315.69504027683143,1,1173.301377058898,0,552.6073127472508,1
569.065845046679,1,318.02672958358664,1,1174.1690141914,0,552.316878274469,1
571.2769675667134,1,319.18468692135815,1,1174.0882391178557,0,550.4422148912373,1
574.6737284336355,1,319.49164367362096,1,1173.3629231090822,0,546.8619279971405,1
576.3508064513602,1,319.48692212490914,1,1169.517892005556,0,545.1101616958459,1
577.5431620611589,1,318.9503899665305,1,1164.3907291096266,0,545.4397000471845,1
578.1430333777662,1,317.51911592394816,1,1161.744335791544,0,547.4981838121141,1
577.7088917012851,1,314.7864548848246,1,1164.6946642131907,0,550.3123378512381,1
576.5720347947012,1,312.71600908508657,1,1171.1133140947609,0,552.1200066790061,1
574.2736385613508,1,314.1888804465048,1,1174.749138846417,0,553.5057438001882,1
572.553808314307,1,316.94981102350926,1,1175.879202810057,0,553.3991881755378,1
573.9630677371113,1,318.29281604976734,1,1175.7532992546896,0,551.4922434716653,1
577.1305627768735,1,318.5655341929634,1,1174.2151557827444,0,547.9424333206714,1
578.8096719053192,1,318.9108704612417,1,1170.5440168431053,0,545.372736956225,1
578.8985266899516,1,319.0388963103888,1,1165.143951988291,0,546.9285244093952,1
578.4327785120582,1,317.52593249584686,1,1162.4238313770825,0,550.0300275783709,1
577.2218284381614,1,315.5377401785107,1,1165.603396925651,0,551.5612427172936,1
574.7678517103993,1,314.9332174310728,1,1170.948730699224,0,552.1825354968231,1
571.9952479582,1,316.54901266863567,1,1174.6372879708101,0,552.1854450409091,1
571.1106408383116,1,318.98041559676864,1,1175.9149258331267,0,551.453610566526,1
573.0349045093777,1,319.8861442753041,1,1175.051286913309,0,549.5410473852575,1
575.5527420461524,1,319.8616894125878,1,1173.3469891220795,0,546.3543248172971,1
577.0007974913797,1,319.2050818152369,1,1169.0601157554602,0,544.6603643176038,1
577.9322825830031,1,318.1721955588157,1,1163.5209399794007,0,546.0774900639162,1
577.7235056280231,1,317.04358734385255,1,1162.494069636228,0,549.0847587369113,1
576.1610593076886,1,314.9432767162783,1,1166.4332889934913,0,551.705064941792,1
572.9946852302708,1,314.52922006213964,1,1170.9540409578674,0,552.594767852254,1
569.3170291276216,1,316.2744560567087,1,1173.5793964803288,0,552.46559814966,1
566.7124672623554,1,317.78051247494227,1,1175.0283774589973,0,552.8495505772696,1
568.5727308564749,1,318.2707050228997,1,1175.0633414679774,0,551.6428610459851,1
572.8359291653574,1,318.65717221787895,1,1172.8523654458377,0,548.2544535386202,1
574.8913845128266,1,318.8131506448121,1,1167.2713900893687,0,547.6289759121441,1
576.1304318001077,1,317.05252170519645,1,1162.8640064073857,0,550.1915636479773,1
575.4993134458609,1,314.6826868113106,1,1165.790802998113,0,551.9330982732495,1
572.5449627425727,1,314.5654525202733,1,1170.6291443535406,0,552.487663661261,1
569.7479851703235,1,316.5657413321934,1,1172.7999123573677,0,552.9693765561742,1
570.4252152709182,1,318.24513164509875,1,1173.9399556583724,0,552.0387855529104,1
573.8844240176012,1,319.0664512654248,1,1173.764965621612,0,549.1000902482398,1
576.7088227824237,1,319.3046260430739,1,1171.0760941955907,0,546.4215562472519,1
577.4707896260318,1,319.3064926038019,1,1165.9524992695688,0,546.0164330126582,1
577.4624884034183,1,318.5077760276616,1,1161.632477571853,0,548.6239433359941,1
577.0359397809065,1,316.205001042732,1,1163.5571450248333,0,551.6015553097698,1
574.2206146673052,1,315.01336153868573,1,1168.8318081995692,0,552.6816680921626,1
571.0972117741836,1,316.550146264782,1,1172.0253902196573,0,552.8915614529737,1
570.8160157813719,1,318.6078596129978,1,1173.3018535354522,0,552.0907326659959,1
573.0977442654463,1,319.3662935317964,1,1172.6050217110167,0,550.1836960784983,1
576.0689684449533,1,318.9217431140384,1,1170.3436647530161,0,547.786956312819,1
577.5620785078165,1,318.29963261380567,1,1165.8458192938574,0,547.4685101833205,1
577.9454354391029,1,316.8101995300993,1,1161.9510569338222,0,549.8728506242277,1
577.3641505863576,1,315.58465144886276,1,1163.6619146810954,0,552.1358219311916,1
575.1802541760312,1,314.80510131224185,1,1168.3443252673044,0,553.8309826172351,1
572.1702898959375,1,314.755310093881,1,1172.0293074532865,0,554.1443717617057,1
570.3877851159506,1,316.48143918166755,1,1174.1984107124836,0,553.099387937641,1
572.4384249825553,1,317.3878548127902,1,1175.0021120186411,0,551.0788387155495,1
575.4630548934416,1,317.6305284999893,1,1173.872254254324,0,548.028389348687,1
577.0450728803033,1,317.9021142165846,1,1169.6405596955979,0,546.4270401164598,1
577.9097587483627,1,317.7133574938709,1,1164.0830149983165,0,548.0119347373628,1
577.7081984300014,1,316.25176994042937,1,1162.3732398674883,0,550.4518224655959,1
576.2558833138189,1,314.2451605907497,1,1166.6305152779862,0,551.900309651262,1
573.7431016812254,1,314.26810970078014,1,1171.7026287705369,0,552.937116671251,1
571.2988278383734,1,315.8836760975791,1,1174.4233473922154,0,552.6982584070504,1
571.8474616707956,1,317.8349324510422,1,1176.048874011244,0,551.0683067296115,1
574.693142504099,1,319.42766796579286,1,1175.8127393639502,0,548.3357225827052,1
576.627067198412,1,319.550108912644,1,1172.0766821574214,0,545.6924314673136,1
577.0469348084667,1,318.99333170747514,1,1166.5207619702967,0,546.4643921271972,1
577.4901170031188,1,318.24161954313047,1,1161.8510635860696,0,548.7711309644039,1
577.6334634557455,1,318.15741467134114,1,1158.5657996860168,0,550.2339604209491,1
575.4685059799732,1,317.6201979859864,1,1161.2495569773548,0,552.2239867632126,1
573.4184536009557,1,317.4151025447816,1,1167.4311766797011,0,553.2095027651428,1
573.8140932285762,1,318.5556958282366,1,1170.5148366480944,0,551.2585030095403,1
575.8718251439078,1,318.63752261163626,1,1171.325517864095,0,548.1504892028831,1
577.4807133093791,1,319.119790808734,1,1170.7590880371677,0,545.7762073768274,1
577.8375262612919,1,319.8741989905809,1,1166.6309569093614,0,546.9406472641851,1
577.974789565506,1,318.30693355485505,1,1164.5517687027632,0,550.8244931996404,1
576.4370586495079,1,315.80184680127564,1,1168.94907006043,0,553.2018792543244,1
573.6031614945948,1,315.43269832822835,1,1173.4459239178839,0,554.0837390165435,1
572.3612190445044,1,317.15512158327965,1,1176.0550382868812,0,553.4775029529112,1
571.4119681775171,1,318.2190157486377,1,1177.7164555339195,0,552.6985990237946,1
572.1874187900424,1,318.2487178113786,1,1177.281238401157,0,550.544386926648,1
574.5032702507154,1,318.9088914058663,1,1176.2033066908066,0,547.6651759129495,1
576.1823496812948,1,319.09088368374313,1,1173.6829542503385,0,546.3898607799738,1
577.6391323960343,1,318.2012511874274,1,1168.4504110706343,0,547.6721768886251,1
577.3664405941001,1,315.8366897431466,1,1168.3582179478033,0,550.4829986746452,1
574.2873828530927,1,315.4030452521364,1,1172.2063542361518,0,551.764251617101,1
570.6164535437151,1,317.77495742541646,1,1174.8215476577136,0,552.2156700879117,1
571.4363334890988,1,318.8535855445035,1,1175.6490696428837,0,550.2686035504323,1
575.0451004592535,1,319.21329483852315,1,1174.088452899495,0,546.9536022443706,1
577.7080720479823,1,319.2977562565767,1,1171.5752783449702,0,544.6483122281606,1
579.4126007617766,1,318.7151681636369,1,1166.9621660862797,0,544.8113363772839,1
579.3082771408001,1,316.98593281098977,1,1166.0059641188502,0,547.6477142767628,1
578.8690850853137,1,316.2374031804301,1,1165.4119977008513,0,550.7808646552853,1
578.3075432196404,1,315.51537308595204,1,1166.1815753435667,0,552.5432477522572,1
575.0847963642688,1,315.2380107912944,1,1171.788608264568,0,552.4830002183124,1
571.9475766002049,1,317.3961383088912,1,1174.7052528126233,0,552.8089618945156,1
573.3406191083956,1,319.02279878801227,1,1175.5700356661603,0,551.3532013341342,1
576.6549332998453,1,319.06163046187464,1,1173.0291095057246,0,548.0576007984463,1
578.9073412243545,1,319.0346881280441,1,1168.6206110119215,0,545.4510047741209,1
579.1753563149798,1,318.1097283483869,1,1168.36214894977,0,545.4092613601287,1
577.8317110909329,1,315.50782912479764,1,1172.6001048185508,0,548.1588943523248,1
575.1297145722699,1,315.1262192365191,1,1176.2065093348333,0,550.0799600624315,1
573.6091180719043,1,317.10683541071626,1,1177.148973989315,0,550.2323834895938,1
575.2590035268569,1,319.2528472535118,1,1176.8955779434436,0,549.025592235436,1
576.9063995715724,1,320.92460625942533,1,1173.1477898904413,0,547.4192299699562,1
578.025969923561,1,321.36741326780776,1,1168.030844932582,0,546.3799613029463,1
578.6289897679136,1,319.7483806927577,1,1166.397027628401,0,547.5082038182064,1
577.5130137744997,1,317.26144533068094,1,1168.9740023668398,0,550.1094869329372,1
574.807901098116,1,316.31797681003735,1,1173.351131035188,0,551.8773189377083,1
571.7593985773275,1,317.81008917890443,1,1175.5436695312724,0,553.2359829539815,1
572.2656923228948,1,319.1974551204984,1,1175.804613033758,0,552.5868771611323,1
575.3982791668893,1,319.4469886023693,1,1175.3115289692544,0,549.8918943340697,1
577.527185186068,1,319.77656857481094,1,1174.8646921608856,0,547.1169116898127,1
579.3948968283255,1,319.62722474837045,1,1170.98544176569,0,545.4931091278271,1
580.5589668824978,1,317.6057664659747,1,1168.1814978799168,0,547.1151595944366,1
577.9828119983237,1,316.76530681113263,1,1170.8571496185627,0,550.156864850125,1
573.7592278582497,1,316.51412446602643,1,1173.960496638666,0,551.9619320988393,1
571.0993336324673,1,315.3834388353189,1,1176.1812681516603,0,552.6645045149627,1
569.1864427387196,1,316.4816567592494,1,1177.4670307156268,0,552.9847273431293,1
570.7801784797416,1,318.24132010871347,1,1178.1173611978343,0,551.0533305041297,1
574.2308837922235,1,319.3838549816218,1,1177.6654307684855,0,547.2248270390519,1
576.3655295667744,1,318.45368682085314,1,1175.6263772376522,0,547.2961476433095,1
577.2901009456295,1,317.18155646614576,1,1169.9946350890768,0,549.5984676562052,1
577.076625431452,1,316.4770136952489,1,1164.6029868310552,0,551.4251999800206,1
574.4061048022749,1,316.3182004644719,1,1165.9669821908494,0,553.295628810609,1
571.6441779815327,1,317.9702381926204,1,1170.637138854792,0,553.1515637713992,1
571.713867905416,1,319.5196217477694,1,1173.5875035673432,0,551.6384486982745,1
572.8134969567463,1,320.09259175736196,1,1174.1399920102754,0,549.9811541512555,1
574.2447789164189,1,319.2553383699706,1,1170.269461787071,0,549.536253449035,1
574.9017978024947,1,317.88635587708825,1,1165.795390958201,0,551.0160133045557,1
574.927400725848,1,316.20934262350164,1,1166.051050327799,0,552.1789034881986,1
574.6817335277941,1,313.7896682710664,1,1168.6830077542847,0,552.6022977567302,1
573.1468299872197,1,311.87859588421423,1,1172.4270813886367,0,553.0996970160654,1
572.472003263716,1,312.713124665606,1,1175.0832907086744,0,551.9701059516217,1
573.5917926910118,1,315.626893358486,1,1175.6593449031186,0,550.5734543209022,1
575.1420024200966,1,317.7670875803294,1,1175.9949628945967,0,548.5235721718493,1
576.7216588415121,1,318.3682461432956,1,1172.535731903245,0,546.7635663630808,1
577.6899665676001,1,317.4968173573896,1,1166.553389982228,0,548.5027136176179,1
577.611441052908,1,315.62461820919003,1,1165.4488176832065,0,551.0474314356687,1
575.7692198887227,1,314.13894231052393,1,1169.7821783038034,0,552.8292367934263,1
571.8865769378941,1,314.9425765089624,1,1173.9562358410144,0,553.6208306856761,1
568.9322524547932,1,315.48872631022124,1,1176.2901093917085,0,554.0015525090182,1
568.6607353715257,1,315.8598897151567,1,1177.7086045395617,0,553.8933851598895,1
570.8964282535733,1,317.39210851044874,1,1177.6111134997877,0,551.7232694850102,1
573.9415934158487,1,318.54006908250403,1,1175.0866472702505,0,548.6235898854434,1
575.2745002147897,1,318.573570335849,1,1168.342860504711,0,548.2467468737173,1
575.7594365637262,1,316.9430352666125,1,1162.586545798463,0,550.8734764365138,1
576.1942260843696,1,314.92827386397346,1,1161.18863408207,0,553.1303380048829,1
575.5426680414454,1,313.07905096025314,1,1164.8756937220926,0,554.192364969254,1
573.3636273600263,1,314.168942007931,1,1171.1804733099443,0,554.3375520795274,1
572.9876324809461,1,317.14959021820414,1,1174.3478327365272,0,553.8596548249561,1
575.6784561424892,1,318.3219213117071,1,1174.7684485917848,0,550.7568740344043,1
577.4545265139209,1,318.58531412897764,1,1172.0374034174504,0,546.2895434216824,1
578.2406368267222,1,318.87098056636955,1,1169.0640163356513,0,543.4632060517177,1
579.1957845069255,1,319.5451105317078,1,1167.4902499873895,0,541.752087689531,1
578.7926350913325,1,319.41659352289014,1,1164.4653230097983,0,543.8913647530368,1
576.2036656345651,1,317.99594487901237,1,1166.2086364923198,0,547.9659738759096,1
572.7079601562982,1,316.3904839879841,1,1172.0863412165909,0,549.5819454063878,1
569.9639849905974,1,316.79271826928886,1,1175.4104080784127,0,550.3132537582287,1
569.5197409697171,1,318.5593821897111,1,1176.9431542098478,0,550.653005528309,1
572.4798628482105,1,319.2266835961559,1,1177.2585187729123,0,548.4203897865721,1
575.8068964006586,1,319.7335139713632,1,1177.0258930174425,0,545.1734048843482,1
578.0153350139494,1,320.23795291251633,1,1175.024142064845,0,543.8053960025615,1
578.7796024502004,1,318.50080838081493,1,1172.8257255314688,0,546.2302653975574,1
578.1415040429114,1,315.1869513815742,1,1173.7340245352273,0,549.6079058825361,1
575.3928632513874,1,314.5881566859,1,1176.2508314664278,0,550.5929721408705,1
571.3151246334432,1,316.3678417256036,1,1177.7936481396732,0,551.6293290703067,1
568.1755997460177,1,318.37730076939744,1,1178.115856642952,0,552.4908826253823,1
569.251395358654,1,319.52959977801004,1,1176.21182885727,0,550.6652985053385,1
573.2971495610383,1,319.29938773590237,1,1173.912219670931,0,546.8562902354527,1
574.9417629489665,1,318.1296211837252,1,1172.4052737069612,0,546.6263690027013,1
574.7967208725314,1,315.8946746714054,1,1173.504153914358,0,549.6150222495405,1
572.6988414971735,1,315.4424518093811,1,1177.100243295674,0,550.8598840669382,1
570.0104013388091,1,316.62842665519696,1,1178.5385137360272,0,550.9720803574977,1
570.7613934658798,1,317.32775048163853,1,1177.672303838111,0,550.0524415129664,1
573.7972103851794,1,318.2830020085749,1,1175.5193112976376,0,547.592925452863,1
575.8603515635353,1,319.3055173219928,1,1174.8382957140566,0,546.0262685956374,1
577.1572355304402,1,319.78708937144194,1,1174.5989512797191,0,545.4333047529593,1
578.1964380412076,1,319.74103936053575,1,1172.1456868004348,0,544.0868542104902,1
577.534731954748,1,319.0697557004749,1,1166.902868160085,0,543.8532030937619,1
575.6118616077072,1,316.6402547677634,1,1162.5018220261124,0,545.5813584248035,1
572.6214504733633,1,313.1225340553332,1,1163.7010040034195,0,546.0744161158457,1
567.8006574519563,1,310.0919029865167,1,1168.9295747614165,0,543.9984022066049,1
560.9993494547596,1,308.9922682211224,1,1173.20920115641,0,541.0150892955762,1
555.851046650335,1,308.51161813149747,1,1175.447213985655,0,536.7861944396092,1
554.0358885109429,1,306.90499218529055,1,1176.5212199918813,0,529.8238574638916,1
551.5395857045409,1,304.42648836817557,1,1174.2342187641452,0,522.2094211816283,1
547.7911761481445,1,300.76880061673006,1,1168.8809188732832,0,517.2967259272536,1
543.139221455499,1,296.4697364816757,1,1165.4104215846517,0,515.1636061904171,1
537.5049237655878,1,290.88147552612213,1,1167.9124258260454,0,513.2422018597705,1
530.4664383293936,1,286.60370232624126,1,1172.2386045446015,0,510.6784523900162,1
522.8419606234959,1,285.5098271987742,1,1174.5641227720055,0,507.7829954209449,1
518.923086909439,1,284.55310030459793,1,1175.921071203085,0,503.6662225917423,1
518.5221960583433,1,283.2095882952794,1,1175.2789370629969,0,498.61461324677396,1
518.4602041917506,1,281.4432201035479,1,1172.8312788950147,0,493.71391593484543,1
517.155353184343,1,279.3361465108612,1,1168.1509546944865,0,491.5365348710851,1
514.6901747711199,1,277.1041942064602,1,1162.6796003660988,0,492.153391844565,1
512.436092243011,1,274.8407066689655,1,1158.3467151347998,0,492.939513744014,1
510.69376420109626,1,272.8757818233848,1,1155.513823209741,0,493.42134705826925,1
509.1413843411403,1,271.3270895407785,1,1153.9238004918675,0,494.16812200751934,1
508.0863869883142,1,269.5279455140955,1,1153.4019054434614,0,494.72804539163997,1
507.26418400942765,1,267.6119268215254,1,1155.9523844,0,494.8464936804369,1
505.4426935301052,1,266.36313285744217,1,1161.7640859506864,0,495.18906678055475,1
503.36299437711034,1,266.6877639459742,1,1167.3339030574487,0,495.5791248452257,1
504.42246011352427,1,269.36167084556155,1,1170.0017819818831,0,495.58213266292466,1
508.93063703260447,1,271.39218733207076,1,1168.574503033097,0,494.2737985605757,1
512.8888216790117,1,271.17215615468007,1,1164.5317601108684,0,495.32401446319994,1
514.1056290740272,1,271.87594039672393,1,1164.465997096093,0,499.70680019334344,1
516.0374525476918,1,274.70085510066303,1,1166.600173674828,0,503.4715683047032,1
521.8750712303491,1,277.47398456365863,1,1163.1341374399226,0,507.70738882871245,1
528.3151461678724,1,278.6119505952867,1,1161.2814351662755,0,513.1019786301229,1
535.5329440988731,1,280.82528547384123,1,1162.9274975325404,0,517.5019536597054,1
541.9639478524173,1,284.67609079035304,1,1163.4874771259933,0,523.0605179917136,1
548.3337667835384,1,286.86643936835515,1,1161.0187488653346,0,531.345819372231,1
557.7661944575657,1,289.1016530133891,1,1157.1621320158144,0,537.5006614765334,1
565.5444204176117,1,292.274006727564,1,980.8461981484833,1,544.2518334725214,1
567.3580191091634,1,296.82989358415074,1,684.7010957997426,1,552.5089889637148,1
559.7514914358442,1,301.79270617044654,1,482.21177858408487,1,562.4185923815734,1
545.3221387733349,1,307.6720535553015,1,344.5441701652578,1,574.1850112109374,1
528.1500762504788,1,314.280942668032,1,251.26460567915328,1,587.3181520511812,1
509.85065555187253,1,321.5456253571891,1,187.87181365439665,1,600.6987204980852,1
491.1007625707441,1,329.2559853608857,1,144.90180907250416,1,679.8187666379429,0
473.51790351709667,1,337.4292246857055,1,115.47592020238577,1,800.1035482010427,0
456.9386142763771,1,345.8637044577733,1,96.37198115131035,1,882.0587462657666,0
441.1465778584293,1,355.1157113104397,1,84.00349700192622,1,937.8603291277734,0
426.5209191262727,1,366.14995337299143,1,253.59472203848918,0,976.9886327988298,0
521.0715119124834,0,378.3954024841812,1,546.6222916815575,0,1005.0478515747678,0
692.1332743445068,0,391.25065854807576,1,741.8530372763621,0,1023.330669725741,0
805.9140188125207,0,405.0003304715152,1,874.5318519825913,0,1037.4329570566715,0
770.6467603936424,1,419.73117378881324,1,888.6075604489636,1,1047.226532041213,0
634.0338658238792,1,435.18215352476494,1,820.292807864615,1,1054.720887658472,0
539.3502740609143,1,453.5224932432672,1,771.6872328847152,1,1055.358765804087,0
472.8987695406849,1,471.85314544857664,1,734.3530143202881,1,1055.7398526632364,0
425.6337915106185,1,493.27048970439,1,705.125757088345,1,1057.3092175079717,0
391.6184304390787,1,518.9721757926098,1,678.6704372637208,1,986.14771063148,1
364.9764939950117,1,549.2921354505302,1,639.0703159923389,1,866.6066059054482,1
345.9762063754235,1,636.6696689470921,0,609.8674675745991,1,782.2215634170199,1
331.37998246265647,1,753.2770408740482,0,606.7817435097227,1,722.5148077544212,1
319.82937363399816,1,833.1633989082566,0,603.6790535320436,1,677.902131703127,1
311.03253887288867,1,886.5475180587184,0,597.6038062495221,1,645.8536578145281,1
301.84479324310786,1,923.3606888272466,0,591.0168568774137,1,624.8597418889906,1
295.5481879241559,1,950.4588809176473,0,584.6408391558825,1,607.2901235235473,1
291.11117478253726,1,965.5148748808767,0,579.8048815607355,1,594.249093181576,1
287.04351287243395,1,976.2269194327741,0,576.2948910228092,1,584.7050122892387,1
283.91083611565705,1,984.9467980737038,0,570.892605743667,1,577.9043641431444,1
278.7302924324796,1,991.7794773676655,0,566.383186081971,1,574.2261159780439,1
274.99914138958036,1,997.9162717186894,0,563.3744529189485,1,568.4242254225936,1
273.56833230883825,1,979.3672605806079,0,561.3297178613583,1,564.7433362441611,1
272.5959544575659,1,947.8817044680239,0,560.2753265506165,1,563.0280308876527,1
271.98773985879416,1,926.1107941582,0,558.2737881173167,1,562.1243850104208,1
270.7325829942215,1,911.2619511722563,0,557.0811479152445,1,563.7117026738862,1
270.8792327791642,1,903.250638715118,0,555.6560768041895,1,564.8428588865875,1
271.03150936196425,1,905.5926723198089,0,555.5814935021735,1,566.9219708639964,1
270.76670280496444,1,927.0772809490613,0,557.4303336183697,1,567.9156143349612,1
272.1125285484633,1,948.771422112027,0,559.804174142658,1,570.0061029103066,1
274.44771322547507,1,963.7280898039282,0,563.0934893349463,1,574.6241217913388,1
276.9291323441726,1,976.3459287791653,0,482.8112234390467,1,579.8067174386895,1
277.6684637760862,1,985.0276768255112,0,345.78957947468086,1,585.7399053567021,1
279.065341029415,1,991.994439585556,0,252.44619648023357,1,589.14311832246,1
282.22442114680166,1,993.5824435334251,0,188.50721744561258,1,595.0201705994886,1
285.7918934963077,1,995.5149684465957,0,141.7580493887863,1,602.840519715508,1
289.8999761515268,1,997.948291504722,0,106.02065560367654,1,610.9856459197101,1
292.90228267982553,1,999.5486455156372,0,81.06310151852317,1,621.0287747485706,1
297.1524125324818,1,1002.0762192649154,0,63.878474005988664,1,693.4254109921317,0
301.72442922684183,1,964.434691917015,0,52.479143343800544,1,811.1851532055096,0
307.1465608862593,1,907.3340973534217,0,45.23497417737209,1,891.5815799139932,0
313.5673377875534,1,904.7411917320561,0,39.809020860272724,1,946.4286520195196,0
317.77305760281405,1,935.4584477587097,0,36.17741142503806,1,985.7993273668469,0
322.47273340261887,1,958.6805178874695,0,33.70936965285258,1,1011.9790719181773,0
326.6136740773195,1,973.715583995551,0,31.80861470821107,1,941.6609951213712,1
331.79545986272944,1,984.0934119407655,0,30.293387891568436,1,799.6828440175783,1
339.1577788760603,1,987.7862464309263,0,29.2636397469781,1,698.0053947950223,1
346.1079062687796,1,990.9892171624758,0,29.010770420443034,1,625.7604925867562,1
354.3563099047201,1,995.5125790046831,0,28.61544666986555,1,571.8930803424826,1
362.0138471848708,1,997.9999999793856,0,28.290916209907024,1,632.5672656819645,0
370.79561996926276,1,1000.9170950797039,0,28.293839065583466,1,768.8824853377347,0
381.81459809302,1,999.0596244739866,0,28.686904511763636,1,861.9416296446784,0
394.35398096540985,1,998.0639491472781,0,29.121637106185876,1,927.123983874258,0
408.18969784973524,1,999.4672494313561,0,28.29971259603392,1,971.579157194511,0
421.0649347152183,1,1001.2209173952267,0,27.573527381736454,1,1003.6778376129255,0
437.12820675346245,1,935.000633157785,1,27.35935410543022,1,1023.2906654236476,0
454.51625327186764,1,816.6120289929414,1,27.49314414218284,1,1036.4098826893735,0
471.69973535897793,1,733.3818519543682,1,28.198620680886634,1,1043.8056640134625,0
488.7441954585804,1,674.6853300634574,1,27.895904389664818,1,1049.4608185446368,0
502.37953271143573,1,597.5158685545937,1,27.801915276282596,1,1055.8199877373165,0
515.6447254689015,1,619.3634512798342,0,27.961514031092307,1,944.0421692488788,1
526.8695128028996,1,632.0777749244112,1,28.125845783927048,1,754.232304462596,1
535.7605996099558,1,531.2804688502972,1,28.907946911946322,1,625.7092565113306,1
543.3813838726201,1,464.0052634482398,1,28.65730469162331,1,537.7884267089375,1
545.0879851866312,1,526.2830211165101,0,27.984152287097203,1,488.8873623975603,1
544.1958692704676,1,569.6202996762273,1,27.973625425509784,1,567.5604986745085,0
542.9582266264072,1,525.4203534913958,1,27.463655418780384,1,725.7521890516733,0
537.2240795128782,1,532.021387223336,1,27.45229043660347,1,835.8276031338985,0
530.9595506316406,1,539.6007254320325,1,28.282593380707016,1,905.8126627120325,0
524.54502785688,1,544.1116556060136,1,28.455788188057333,1,954.370396644928,0
515.9766470629157,1,548.7772539338737,1,28.405886061934417,1,990.567555470951,0
507.6281328055954,1,555.5745936358312,1,28.03676194262489,1,1014.6954084516237,0
497.1666641216009,1,630.0060979554033,0,28.0093789474064,1,1032.3506604239358,0
487.16331361154516,1,750.0284541733944,0,28.54945385451657,1,1040.4180350185475,0
477.6291403793573,1,829.1956921867076,0,28.246067492595845,1,1046.6868497222,0
465.4674702438424,1,883.4244058556545,0,27.984017681968457,1,1053.2534018536546,0
452.7828745476976,1,922.5181979193421,0,27.582454874401826,1,1056.8773886244267,0
438.84847102834834,1,947.753030521139,0,27.756500302908066,1,1060.6506282491005,0
425.1695792803616,1,966.0759342238431,0,28.042386893319105,1,1059.6506931525296,0
412.716601111252,1,976.0215596289925,0,27.119306638841138,1,961.0072618882759,1
399.46573875280546,1,983.2072653694313,0,27.21827100575677,1,801.8758050328171,1
386.6722886893919,1,991.0239496569411,0,27.50900094577689,1,700.281958030133,1
373.1900416315765,1,995.0028598140475,0,28.488739159939474,1,639.0486337700413,1
360.1341157485658,1,998.6135769264031,0,29.545648323746825,1,604.7201694797128,1
349.1567729603533,1,998.1341416096523,0,29.09068657108293,1,594.2322516575255,1
337.8557934079177,1,998.1283114047129,0,29.340178954633203,1,670.5495474531419,0
327.75543181224623,1,1001.0576278637437,0,29.621470856626097,1,728.2328609515846,1
318.68146373580345,1,999.15513055402,0,29.589163076956208,1,698.1940559109387,1
310.5680996397933,1,999.302166545792,0,29.846548905222885,1,673.6388888451032,1
303.8967628431796,1,1001.0553947268099,0,29.462783923452264,1,653.9635349763752,1
295.7325985184465,1,1001.5535681865933,0,29.70479319343553,1,638.3907290855557,1
289.0793512753457,1,1003.4920970514845,0,30.37207864491074,1,621.8321255405821,1
284.97871156055805,1,1001.7695779229821,0,30.993171154931492,1,608.7967841986682,1
280.1399946412228,1,1000.9189479595764,0,32.476765966996844,1,599.7283057082625,1
276.27285534436,1,1002.8474797876542,0,33.093937927814,1,590.2632146237348,1
272.9607734218235,1,1000.3181815821222,0,33.569236431451394,1,583.2541723079767,1
269.6576147682084,1,999.5059202912287,0,34.730275880514355,1,578.0190909926948,1
267.9389220367413,1,1001.7271891660828,0,35.29584453383328,1,573.6226876730647,1
266.0869244000477,1,1000.8368082210002,0,36.18302094222341,1,571.368703777588,1
265.82796119625704,1,1001.5116814760199,0,37.40049885909206,1,568.4741029783547,1
267.59866519422053,1,1001.3836696068697,0,37.78094933886748,1,567.8173104904529,1
267.3288607405535,1,1001.4033374193701,0,38.877530070913835,1,570.0965410034097,1
269.197423803007,1,1003.2833355433048,0,41.07534575213023,1,570.2827127161477,1
273.57148920847516,1,1000.6677214930497,0,43.40700787507588,1,573.6065578573518,1
278.0172789487143,1,999.5301382571454,0,45.32681608822613,1,580.4255592044091,1
284.1428276044057,1,1000.1970098534848,0,45.793491163892064,1,588.6239812653686,1
289.98937891730833,1,1001.130206844844,0,46.55759105784316,1,598.9654056015327,1
297.38256547149956,1,1002.8310543079197,0,48.4177158833579,1,607.5658914386984,1
306.7212729478709,1,916.3085842909213,1,228.74020392151735,0,619.9626726899219,1
316.90863594237914,1,768.176245193455,1,529.2842136567349,0,638.5560601786487,1
329.8298941740847,1,658.1190158106324,1,728.8968422303053,0,660.4696040800081,1
344.03036033050694,1,572.7643195233587,1,865.670953390225,0,736.3732582177446,0
361.573005473356,1,507.7707314667766,1,962.0864825566025,0,839.6911135081024,0
382.43926323443986,1,456.82788192132216,1,1026.3255020795532,0,910.2728338637014,0
403.8280062954284,1,417.8338695404636,1,1069.9823397473504,0,961.3326636053733,0
429.20215420398654,1,388.6135894176741,1,1096.9139731121481,0,920.8696294706639,1
458.705344748683,1,363.74224714380966,1,1116.7251590016485,0,817.0545242161393,1
493.8031422834061,1,344.2797306438956,1,1132.8705260073243,0,740.1595481233198,1
523.4956916617828,1,329.7196959458688,1,1138.6471525912373,0,682.8698700240523,1
536.5193273217246,1,316.94475003816956,1,1143.91379055525,0,640.5812365567317,1
542.3186135569492,1,306.5562619389,1,1150.8451040595571,0,605.1851599188345,1
544.4183398690542,1,297.3629518511399,1,1152.4828605684506,0,577.7754180046612,1
540.6892017533704,1,290.3685255640744,1,1155.3836699420087,0,558.2567002134142,1
535.7346635981154,1,285.6684457987721,1,1155.9583490156272,0,542.3186080433582,1
530.4208640765444,1,279.9143192996769,1,1156.2930324749923,0,529.7573813604487,1
525.178590864143,1,275.1504975006932,1,1158.9786946728836,0,517.6041278326336,1
521.1950348773713,1,271.7530071879416,1,1159.1278175305888,0,508.50613467736594,1
514.7522596131009,1,270.2973902015942,1,1147.1615785864149,0,503.5286864870826,1
510.1106825987379,1,270.0548056490963,1,1123.2744227833239,0,497.7873319095032,1
507.21933380454163,1,268.55663670253347,1,1120.449137075399,0,492.5751291233231,1
505.35959994191177,1,268.1784691590983,1,1134.8426571155842,0,488.0370286662397,1
506.30548714489294,1,268.40145755106647,1,1140.0432813314767,0,485.26742636726743,1
505.3172970304971,1,269.8329766075459,1,1143.5217571095313,0,485.5866400465179,1
505.592764029907,1,272.9391305338258,1,1147.561782420279,0,484.3883691904589,1
508.9893881288367,1,274.99674040273817,1,1148.240251376019,0,484.7795722747177,1
512.8235221461052,1,278.0483945906608,1,1149.818707659661,0,488.34758699322794,1
518.7964565172306,1,282.25559235226945,1,1148.098004596721,0,493.13109058339035,1
526.2755329977899,1,287.67475624165445,1,1146.7051410388826,0,499.9461883687642,1
534.357276544297,1,294.0775693296385,1,1150.7308420418556,0,508.0371273119831,1
545.6371022433291,1,302.00218784318906,1,1151.4554446370976,0,599.3392949528325,0
558.7746642394994,1,311.5476810572161,1,1153.2887270984097,0,648.6513718292542,1
574.3322383801701,1,323.42136452359745,1,1157.6632584468168,0,605.6901866320635,1
593.6916017213148,1,438.3153956003355,0,1064.3190010012977,1,601.4957815191591,1
613.6879656118418,1,519.2239931076194,1,903.8946334226333,1,607.9751566970601,1
629.6977104036803,1,480.3978909911127,1,787.6073361375845,1,687.0176832090085,0
636.4214752369296,1,463.50482840369403,1,700.645170555284,1,809.5036329632235,0
634.2038186426736,1,459.2775012259723,1,635.5677598454836,1,889.809837214012,0
625.3834381567553,1,463.87113719023023,1,585.1956232298361,1,942.9183100217599,0
612.0232331251106,1,475.63281117230053,1,545.3758752792355,1,979.0632432705156,0
597.4718453344966,1,491.94588975495174,1,514.1801100811185,1,1004.7280576071861,0
582.8475171862287,1,511.61876460109477,1,489.2362826350518,1,1023.8471495459164,0
568.8575928272877,1,529.7883608914005,1,469.71450930566584,1,1037.4694659708011,0
555.6144896172912,1,539.7897955972463,1,455.0508011743635,1,1045.8885501553882,0
542.6684725043052,1,542.9601715449951,1,442.57126537035754,1,1053.4971043972039,0
530.5557157702833,1,541.2748306031915,1,431.74369839718037,1,1032.5651438120194,0
519.640603457241,1,535.9162180875363,1,423.9942048087467,1,1019.4405010991442,0
508.85543623630775,1,529.287894016202,1,420.1243599426988,1,1040.1355415762855,0
497.36937886567745,1,524.6766202985484,1,417.77375556706295,1,1054.04264569872,0
486.5118777173252,1,523.0361041828786,1,414.50023166139886,1,1063.284253145885,0
478.1334655467988,1,520.7478979641462,1,410.8229653993918,1,1067.6779049370082,0
473.64960458162716,1,517.1128717817867,1,406.75957895388206,1,1068.5148104212337,0
470.65498605864946,1,512.6158790915335,1,402.26617991446557,1,1066.3055695719684,0
466.6205345302212,1,508.1730820351648,1,397.87162338969256,1,1062.3930735747344,0
462.984293659301,1,503.76711633158385,1,393.5442402378713,1,1061.7783313108152,0
459.51344997331734,1,499.43951355474496,1,389.262508110308,1,1066.1827443004022,0
455.26058260201614,1,494.4718458108837,1,385.96156388295344,1,1072.006400313081,0
449.8448912667377,1,488.80252821849683,1,385.45016379709136,1,1076.1214023251284,0
444.32291882192874,1,484.20300723128696,1,386.38759039725903,1,1078.6558820494645,0
440.0966658478599,1,482.25048423490216,1,387.080533953799,1,1079.4872572837482,0
436.75098382610605,1,483.3235048789926,1,387.9984059073521,1,910.069997809811,1
435.31907254736956,1,485.17270883585206,1,388.51045480885466,1,625.4759174742694,1
436.082187477788,1,486.4294278449338,1,387.9645482172587,1,430.1264207196547,1
437.7056815525126,1,487.1234970653435,1,387.70528697574224,1,295.8468639955202,1
438.59855456988356,1,488.0218452226332,1,387.8643036704041,1,204.64289237440875,1
438.78444396086525,1,488.8990243272644,1,387.07847639103926,1,142.9751640323631,1
439.0160011688822,1,489.1751612104473,1,386.04161222038823,1,102.32373893775575,1
439.5416611701213,1,488.2961770485101,1,386.73367030666543,1,75.0115212151223,1
439.68844615115154,1,487.64548707267016,1,390.77957308232766,1,55.92598676471776,1
439.2094539457771,1,489.17657472242354,1,395.76390617131034,1,42.431306266119975,1
438.410410342428,1,493.89703330692737,1,399.20712737764904,1,33.57481217093464,1
438.65658114388634,1,500.19833264542604,1,401.8264827048072,1,27.765599298287828,1
441.6650018240175,1,505.1740160879061,1,404.668096927399,1,22.874185915051914,1
446.02451363216494,1,508.608822894803,1,406.8227317093367,1,18.55409393620936,1
449.0398512459349,1,511.5297733340316,1,407.784205555547,1,15.146423269895383,1
450.4051006318645,1,513.4615189131439,1,407.65546503450656,1,12.882985413678691,1
450.54372328024783,1,512.3210455968878,1,406.33886731695407,1,12.183395104358395,1
450.1644107315125,1,509.6793480526007,1,404.6060809221144,1,12.756256102350035,1
449.5383362007211,1,507.1373976500794,1,404.37824275230446,1,13.460063208246872,1
447.06093378042976,1,504.1832443506155,1,405.50837803062115,1,14.148031031855512,1
443.5358224822461,1,503.50891025298506,1,406.94683923455796,1,14.353498321728514,1
439.82482212017635,1,505.07726169695707,1,407.47746995622487,1,14.231058248874778,1
439.24952166537344,1,505.6097899444064,1,406.385507178952,1,14.14784797536338,1
440.8578562565019,1,504.63838765668766,1,404.6377773723282,1,14.038883144874744,1
441.1616796103384,1,502.7515788560435,1,401.6063617065665,1,13.964830646074667,1
441.1050910168409,1,500.08266277105304,1,397.59081625280254,1,14.019334825110704,1
440.06697901859366,1,497.52221464826977,1,393.0740615123105,1,15.157093565999592,1
438.3092103255256,1,493.5421758497549,1,388.1049480624258,1,17.083447235733967,1
436.483270054281,1,488.3840538704634,1,384.78380700095033,1,18.759503089957448,1
435.55804137966095,1,483.97194440375085,1,385.1525761716766,1,189.67115221720326,0
434.2978953049536,1,481.7734599009841,1,386.68816579862175,1,475.6477256614053,0
433.4941134215355,1,483.265980838599,1,387.95522626535796,1,669.630499073813,0
435.10501220063594,1,487.37357375227185,1,389.3750049492125,1,800.0983985410178,0
440.3562367381967,1,492.245055132513,1,390.50749185995824,1,886.9298535175703,0
449.1336944402663,1,497.4223457570843,1,392.72970938021876,1,942.6383572171874,0
458.15043125386467,1,503.927443471238,1,394.5192706023181,1,978.7681570873076,0
467.90852943014056,1,511.70824525918374,1,396.5734829948478,1,1005.470989352063,0
479.4331781233632,1,519.9826891599668,1,400.14839486038755,1,1027.863859576624,0
492.5792816595265,1,529.6592590283822,1,406.2652219425687,1,1045.9648862548013,0
508.0900472418235,1,533.728835959749,1,417.0146934374147,1,1058.0566834708495,0
526.312718318685,1,524.4414117407508,1,431.35945758763626,1,1065.435626801111,0
546.4836271475588,1,507.56987504281216,1,447.9241088701868,1,1069.349638987541,0
569.7148001881476,1,488.53078650988067,1,465.2711057400093,1,1071.695110897777,0
598.8138927916314,1,467.48530635601384,1,484.3230218913292,1,1072.5028666788194,0
623.0091607970079,1,445.7162705292083,1,507.27115470059186,1,998.0457684662966,1
631.7707101463292,1,528.6802118784367,0,533.8727882537817,1,868.5599559625862,1
629.043849906889,1,685.5406338252557,0,562.7338671562801,1,754.8779847660245,1
619.7721878457977,1,790.223012362367,0,594.7506498510845,1,675.1037909675475,1
607.6310801353012,1,858.6452075074297,0,698.3565186022595,0,636.7186177024089,1
594.3290979957633,1,793.4670126507747,1,847.2622238933799,0,606.0195226337155,1
580.3960257611078,1,637.0140016944654,1,953.2632269689069,0,581.8018493939733,1
566.4023584204812,1,528.7152388912234,1,1025.916061488762,0,562.4606865866787,1
553.3671650359428,1,454.68874097504084,1,1074.3970328033981,0,546.3811851406653,1
543.5087932217042,1,403.6870125791669,1,1106.5625427619,0,533.1472902991019,1
538.0717650716188,1,367.74626181603304,1,1128.1987495734336,0,521.2182881625995,1
534.5346009076795,1,341.8276220945598,1,1142.1205575756271,0,510.1236759798462,1
530.6049558622306,1,322.77334137638644,1,1148.9560016578125,0,501.4306447110208,1
526.5664209765664,1,308.9707347701172,1,1150.2492631121017,0,497.40980529069736,1
522.506497944445,1,298.4171718539736,1,1149.4521104244548,0,496.8262630936672,1
519.1160135843796,1,289.9649943508645,1,1148.2958126282033,0,496.7441785882272,1
517.4958144696678,1,283.36757708955304,1,1147.3423873286727,0,496.3214880580582,1
516.4999539292156,1,278.4573136036664,1,1146.8620448123097,0,496.29630321680673,1
515.4022599943006,1,275.1202985386579,1,1146.0327880865948,0,496.6985086275746,1
514.4458136403205,1,272.8524631004781,1,1145.6368305329972,0,496.9718474247324,1
513.7958126981556,1,271.3112421366911,1,1147.5466069031488,0,497.57692950016315,1
513.5119122247191,1,268.7171905274665,1,1153.8726504402498,0,498.0405584072362,1
512.0036387391476,1,267.9142551628109,1,1160.9093831423008,0,498.7749616413653,1
512.1361106353185,1,269.7152032220371,1,1164.8535201006237,0,499.3264772078897,1
515.4881686510399,1,271.1524568806368,1,1165.5226917711216,0,497.6570971710985,1
518.9763352244423,1,270.90257066111076,1,1165.0276973742687,0,497.93779497057295,1
521.5047333945855,1,269.3994395016355,1,1167.2612473792065,0,502.1121069694775,1
522.6442855125322,1,270.2445434442156,1,1170.1758789392138,0,505.5255358186462,1
525.7337142458191,1,273.00550199847686,1,1170.3688724972808,0,506.0631876917915,1
530.7796397943268,1,274.4551907168535,1,1165.6394767205954,0,508.2106902775307,1
532.6830625174567,1,276.18705192128607,1,1162.313642472628,0,512.5005499797545,1
534.2396955448606,1,278.9639949774408,1,1161.0031689818325,0,513.8958999036876,1
537.34950551945,1,279.51789699371824,1,1160.6153871490824,0,515.2110856122645,1
540.0942930456164,1,279.36100541010626,1,1158.3405868091672,0,517.3628489064603,1
541.6965837036342,1,280.69435505334366,1,1154.7833686917825,0,518.6679418553648,1
542.3645933231995,1,280.80051438007666,1,1154.3212786265199,0,520.4459402098153,1
543.6077734949505,1,280.33933686465025,1,1154.2865844134978,0,519.5576627470883,1
542.1376496257421,1,279.43926489190494,1,1156.2742700327065,0,517.5387809109413,1
539.7706053314511,1,278.1875879065783,1,1156.7870745935295,0,515.3281067573313,1
537.6358281395212,1,277.60360992428735,1,1152.2750223743174,0,512.1484484870089,1
534.5014051133909,1,275.3934389483505,1,1151.0522901753209,0,510.40687375537993,1
529.8458085550905,1,274.21140078942824,1,1154.4114543028377,0,508.22741212416946,1
524.9982366875747,1,274.15474040804844,1,1154.850683754718,0,504.43998434074626,1
523.1770017370939,1,273.2629165826641,1,1154.5904996995553,0,499.24529198861757,1
521.4131565752176,1,272.4435037533833,1,1152.7934938827507,0,493.61837392169946,1
519.2147930131001,1,271.13997804318035,1,1148.0525370684882,0,490.26605656091454,1
517.0894244688495,1,268.5474671101292,1,1147.009451941092,0,488.8264637402896,1
513.0669679474817,1,266.305605625541,1,1150.2113620231382,0,486.9046441444078,1
507.65002365895896,1,266.8086654573364,1,1151.8845641633022,0,484.1309519459586,1
505.59968337802087,1,267.8971976704484,1,1152.0160404345684,0,480.149345583481,1
506.25819429226084,1,268.42363480492963,1,1150.8762860490674,0,475.8185769126224,1
506.44265136481346,1,268.19474574826154,1,1147.4758923325758,0,474.18576473916403,1
505.09483350063726,1,267.5592016908632,1,1147.1203801301604,0,475.06788047327257,1
503.60010920166053,1,268.83392080985243,1,1149.8398013079004,0,475.24804529729045,1
504.2153096256178,1,270.76686671086577,1,1148.8386295479231,0,473.79803145338445,1
504.896466778504,1,270.5871912423469,1,1148.4375754151731,0,473.1795079453379,1
504.8332472900758,1,271.6383952604645,1,1150.7908356626613,0,474.1219527131369,1
503.422335212963,1,273.9527636927996,1,1153.7868223035057,0,475.2341743348257,1
502.72654631012193,1,274.5122940310537,1,1153.1412097494524,0,476.7762670780797,1
504.4634505077756,1,275.3725419034179,1,1149.7972926262823,0,475.98974380503506,1
505.27555687783024,1,276.75715144828786,1,1150.2623200636133,0,474.72141078812996,1
505.1434903105309,1,276.0981619133591,1,1153.9863274930533,0,475.4319055281498,1
505.6850985388299,1,274.7436628558355,1,1153.2767934762692,0,476.2816636537393,1
506.31624243554666,1,275.2631184598026,1,1148.6044612285075,0,476.2301777325665,1
505.37721971497825,1,276.57612259723203,1,1149.4516718456855,0,475.6710366144347,1
504.52860631826815,1,276.1884640637312,1,1153.8823584766783,0,476.2869317541476,1
505.4250635445469,1,275.49835260926477,1,1153.4296098890047,0,476.9151546055377,1
504.8768013185608,1,276.6826553858191,1,1152.283895362831,0,476.81794356923956,1
502.29443997375625,1,277.1675135164409,1,1155.3043216273356,0,476.48980330591996,1
502.2757090392748,1,277.7103524595612,1,1157.5804770729574,0,475.11366635354165,1
503.6835409979312,1,277.5459424114316,1,1159.9095104607268,0,475.226746252911,1
503.9037161516926,1,277.7008710396598,1,1161.3247162338566,0,476.03740715306645,1
505.4212952989659,1,278.4461486080526,1,1157.7611465129244,0,476.53591717220183,1
505.7686680310643,1,277.4593337406849,1,1157.6299505322877,0,478.34232818229424,1
505.0050881496921,1,277.80200880518254,1,1161.6191857956696,0,479.30788946170156,1
506.0645609309004,1,279.7415256394124,1,1161.4251112492286,0,478.1295554058268,1
507.10025896672744,1,281.0062889405675,1,1157.4941643309749,0,477.3287595814543,1
505.4891302379451,1,280.95917231044655,1,1156.4428775382455,0,478.46182285473986,1
503.6576197085231,1,280.92715184861635,1,1159.415740012267,0,479.4415131697059,1
505.043594600376,1,281.81204051234255,1,1161.1008867152154,0,478.58727197805854,1
507.03777091593855,1,282.3067461694361,1,1161.5756911457465,0,476.4342758059065,1
508.18255958418297,1,282.0029600613479,1,1158.8256040881017,0,476.28147782256906,1
508.4344240735923,1,280.2498691800562,1,1158.0181452659817,0,478.58873222916606,1
507.13241628991193,1,277.51183077489543,1,1162.1064766929524,0,480.99538438165393,1
504.93223707629863,1,277.1443653775957,1,1165.3877226823163,0,482.2640392842127,1
504.91017017341,1,278.9212647903124,1,1166.2209464800362,0,481.3441027832419,1
506.8944822864195,1,280.39550732813177,1,1164.3289940540599,0,478.6223087927707,1
508.08518063156185,1,281.23740553867157,1,1160.6967487445916,0,476.6677473396259,1
508.57869889320284,1,280.2095893809321,1,1159.1780382964,0,477.69810816353163,1
506.9673985125544,1,278.9777621262582,1,1161.609765897905,0,479.8135498519357,1
506.55633283025423,1,279.4739208086672,1,1164.7708158306716,0,479.6787501650665,1
508.0658278169638,1,280.29110130371896,1,1163.4552221428837,0,477.64778053928967,1
508.4077065535431,1,279.5131486834709,1,1161.723118086672,0,478.4689689832437,1
506.8511921185217,1,278.9844520827503,1,1164.345034026563,0,480.91399327972516,1
506.79303929858736,1,280.2784523939103,1,1166.5179671727756,0,480.00729048971,1
509.01589436713743,1,280.6245316115006,1,1164.4191124387135,0,477.6089809008659,1
509.7373458374296,1,280.05974195696376,1,1160.3669141253397,0,478.54743100619146,1
509.017536310722,1,278.3426024230552,1,1161.4679624471294,0,481.91078838550555,1
507.05517886568856,1,277.22896673519836,1,1166.3504993775066,0,483.25305374550226,1
504.8271331338435,1,278.65876583661475,1,1169.3893292800606,0,483.01212445472976,1
505.470102201553,1,280.16378069981147,1,1170.504754617713,0,481.6952560792945,1
508.3272798718047,1,281.453250497777,1,1170.759981725587,0,479.5947643733121,1
510.58469815022556,1,282.43623885124913,1,1170.3747496774376,0,477.6955340524339,1
512.592360112817,1,282.4109573242325,1,1170.1688144165812,0,475.6710053258211,1
513.9041537936413,1,282.18044664092236,1,1170.3640714476996,0,474.24272047460477,1
514.3221282785527,1,282.183788598707,1,1169.1559255884622,0,473.37688834693864,1
514.3431167937338,1,282.3993891507671,1,1166.8822902468069,0,472.3167326754842,1
514.7256743113215,1,282.2259172496227,1,1164.8901801560894,0,471.7534962669947,1
515.0908871781801,1,282.21469042437974,1,1163.3128683821735,0,471.5803813182263,1
514.9181787308735,1,282.79371640720615,1,1161.123558519299,0,472.6158652284696,1
514.537739125319,1,282.8672284288105,1,1158.0713872426395,0,475.1016944666207,1
513.8582852577606,1,282.54386082298095,1,1154.6004206663702,0,477.94419684629446,1
513.8174355209916,1,281.8974414829599,1,1152.2974202202035,0,480.9242640357264,1
513.7370606509304,1,280.5514851298956,1,1154.1961443390846,0,482.89710256905414,1
512.4197165543657,1,279.2634468166412,1,1159.9559923755614,0,484.2902587649139,1
510.2091147825162,1,278.068101942629,1,1166.16099110286,0,485.394293101451,1
507.65452203930806,1,277.52240726318746,1,1170.7131188723283,0,485.4107830360176,1
504.8661530319646,1,278.96485269821096,1,1173.4715342700626,0,485.36957446693884,1
502.86595067666804,1,281.2251147611508,1,1175.0668111790326,0,484.7125875800695,1
502.50626754611477,1,283.187847574224,1,1175.4805400975756,0,483.7419480056502,1
504.6294293934741,1,284.2550590970515,1,1174.420867733032,0,482.50573493616173,1
507.7033452424813,1,284.5003449934784,1,1173.1420300034276,0,479.8834901613876,1
509.7923784534666,1,284.61370894930263,1,1170.5968787104066,0,477.15794029746604,1
511.3173122015582,1,284.26409237858155,1,1166.744193207159,0,475.7773927674375,1
511.8801366761846,1,283.81316359956986,1,1162.505723406236,0,476.5164567815592,1
512.0521786333288,1,283.5600447407409,1,1159.1783118170001,0,477.8573667433209,1
512.0638715694981,1,282.1613813583703,1,1158.5930560729375,0,479.81695172553987,1
511.5456841993891,1,279.87754123902596,1,1161.9385016866988,0,482.1969882516616,1
510.3517098394156,1,278.00544945759503,1,1167.8435150651053,0,483.1854795314905,1
507.96188319578874,1,278.01315202823247,1,1172.1359043524005,0,483.804843076652,1
504.9698088960029,1,279.99168325257193,1,1174.1032486479235,0,484.4878381849951,1
503.620369258257,1,282.0296134846693,1,1175.0491767576982,0,484.2706049886914,1
504.5973720827516,1,283.4145908704027,1,1175.4126873057708,0,483.17950099349827,1
507.52371892725546,1,283.92916278664785,1,1174.9334393663821,0,481.86142030365187,1
510.3542784660277,1,284.3321982003155,1,1173.7138474417166,0,479.4980290657443,1
512.0674731727655,1,284.55276872805655,1,1170.426801450807,0,477.3153019657491,1
513.2317602954645,1,284.0626803860605,1,1165.5112399202137,0,476.51331730052607,1
513.4968759345211,1,283.35628997312807,1,1160.3828342539084,0,477.64557263756967,1
513.7296619117769,1,282.0229096183006,1,1156.506490689625,0,480.19716773737423,1
513.4669561502963,1,280.69008561406054,1,1157.0566286301034,0,482.5077981819145,1
512.4992204804995,1,279.3043073662923,1,1161.4530299872094,0,484.3401782750755,1
510.78927954024635,1,277.18922100258595,1,1166.8431672293395,0,484.904067114454,1
507.83834845284963,1,277.13844913388385,1,1171.0091204506857,0,484.50105904054135,1
505.04369485156036,1,279.2905704867977,1,1173.393354747384,0,484.0175142390692,1
504.35455621004235,1,281.55313724904914,1,1174.4549959847593,0,483.2171610344962,1
506.62211381482075,1,283.1441099600627,1,1174.2267239055568,0,482.0966745819552,1
510.00461457638187,1,283.31868524488146,1,1173.6246426880023,0,480.07722890216144,1
512.040295149174,1,283.17066491150723,1,1171.9304941940327,0,476.7654538595931,1
512.9502231658669,1,283.1234026323335,1,1167.0918338991705,0,474.9865076981562,1
513.3055433012465,1,282.87795382985746,1,1161.5687428001395,0,476.08380154569625,1
512.863044808862,1,282.39115278737023,1,1156.865486625115,0,479.24061836055756,1
512.8253897782023,1,280.4603526172736,1,1156.1832334865412,0,482.01497261126076,1
512.69457264146,1,278.13486637331505,1,1161.194681282041,0,483.0617817022741,1
512.1847622037063,1,277.08778931579496,1,1165.9413037414483,0,484.40217470385016,1
510.0494398058081,1,277.86950125035185,1,1169.9492665117864,0,485.5227663021624,1
506.59896592398394,1,279.7873935051494,1,1173.2317624011687,0,485.70775393766223,1
503.9909569291314,1,282.21077220864544,1,1175.1273359731965,0,485.7810564061377,1
504.6913832970189,1,284.5510207875777,1,1177.1418574806055,0,485.20189122039017,1
508.06112944904817,1,285.44813330978377,1,1177.5052943938515,0,482.8165156729653,1
510.666889267685,1,285.57781992538827,1,1175.2940748011865,0,480.04228162150906,1
512.5429904183366,1,285.7192872887405,1,1171.9476714768314,0,477.9472516456983,1
513.9232155382252,1,285.5487668119376,1,1167.438718214957,0,477.3096962032916,1
514.5455361959839,1,284.89955770202823,1,1162.8101172843374,0,478.60611276877137,1
514.0740377027963,1,283.8716994576723,1,1158.658888188699,0,480.69270542470804,1
513.5957671599671,1,282.6398436009339,1,1155.3348969437084,0,483.10664123727804,1
512.6393738316248,1,281.0560216092707,1,1158.1599404486249,0,484.74715201550055,1
511.09498131348295,1,279.3396681110875,1,1164.5493151398514,0,485.59996749732915,1
509.2035979349064,1,278.01323725555994,1,1169.2826132534715,0,486.1795408987799,1
506.3398121222369,1,278.7650973671532,1,1172.3876257733555,0,486.3113433393544,1
504.44619667289965,1,281.03602869877653,1,1173.8273710130757,0,485.6671044774248,1
504.84292406002487,1,282.73935064990997,1,1174.4147428045274,0,484.60029820353395,1
507.8484362178693,1,283.79026356912544,1,1174.8139206739977,0,482.93182434481264,1
511.25893039311734,1,284.1844699526998,1,1174.9734650759576,0,479.648909237404,1
513.418862067757,1,284.3457079322022,1,1173.9086542311422,0,476.8936888443062,1
514.7289114669832,1,284.1886235661349,1,1169.274218046381,0,477.7468277528918,1
514.8826335933559,1,283.12188692198214,1,1164.225128286971,0,480.84254712846024,1
513.9874487603324,1,281.11695655331806,1,1164.760426060167,0,483.7850400738611,1
512.6424937024683,1,278.47442972947607,1,1169.3143473567857,0,485.41785237928354,1
510.3605141323668,1,277.95854464529094,1,1174.0293770028836,0,485.37437879262234,1
508.12570676013723,1,280.06123675389966,1,1176.563289881579,0,485.2924190145171,1
507.7118128379823,1,282.18354672294646,1,1177.1120998535532,0,484.8698132490448,1
508.0618911959213,1,284.05252729301003,1,1177.3733342323746,0,483.95362882750635,1
508.4050312258826,1,284.94936011271335,1,1177.7184744334197,0,483.4358201518494,1
509.7431103582566,1,284.91885962433474,1,1176.3887154202002,0,482.08802993227755,1
511.7573501046302,1,285.0581285105949,1,1171.9094310945882,0,480.49067502712285,1
512.8631604915007,1,285.15277564569726,1,1166.2953612698632,0,479.82443366246196,1
513.2989888967003,1,284.6837744448387,1,1161.7537497091212,0,480.52478886046475,1
513.2268841582031,1,283.45839145914925,1,1161.6282977629423,0,482.1538830824537,1
513.1778817779204,1,280.97231866106495,1,1164.5599363298868,0,483.365845772938,1
511.5661780916915,1,279.17611890871206,1,1168.060725754766,0,484.24191074600134,1
508.4715554863177,1,279.87538577495985,1,1172.3952576152262,0,484.7848693730849,1
505.57924912941115,1,281.5772513431723,1,1174.8940579550665,0,484.68212789855835,1
504.8237456751757,1,283.2671625772036,1,1175.6983476409648,0,411.9649365386141,1
506.62529464160764,1,284.6289556094009,1,1175.5745216427085,0,290.2134558082017,1
509.00712187615994,1,284.86110974204587,1,1174.4288691520383,0,207.52356463242364,1
511.20455894324425,1,284.59222297549206,1,1172.6446518161897,0,221.4589566699272,1
512.43487022927,1,284.5161522077169,1,1168.918017956774,0,301.68987272250035,1
512.9553094455352,1,284.1444604776125,1,1163.5919756326118,0,357.8920873873583,1
513.0459329921443,1,284.31851749293276,1,1159.078502244054,0,398.07888736078655,1
513.2653609212787,1,284.33014196176964,1,1155.9552772901243,0,426.12364842327236,1
513.4670975308715,1,283.9113832356919,1,1153.8327336114335,0,444.5538864980144,1
511.65750233949103,1,283.25346842973755,1,1157.4742808824074,0,457.23632167943987,1
508.3231658893104,1,282.2196937943495,1,1165.0889728018392,0,395.3569566479023,1
506.10976422672064,1,282.2637933035635,1,1170.1521805521527,0,282.6481468058042,1
504.7107632347305,1,282.93375140267426,1,1173.4813996611338,0,207.5712783668126,1
505.86453771869253,1,283.97571066009147,1,1175.1852525769366,0,226.1563293701334,1
509.3845390835472,1,284.79049085020705,1,1174.6112694074682,0,305.61601901010454,1
512.1450257337731,1,284.3842333584362,1,1171.20429473593,0,359.2499181891569,1
513.0213980711604,1,283.8414790700916,1,1165.9278874786512,0,398.3726876303655,1
513.0382334331662,1,282.99263220124595,1,1160.8335932518207,0,427.2143722728531,1
513.2601283009972,1,280.8157856875561,1,1161.5616438252216,0,446.7627660272774,1
511.88513977353915,1,278.6964127242035,1,1167.4756655843132,0,459.2092123650196,1
509.63536284645465,1,278.2694013066699,1,1172.4445982359152,0,467.7726475533697,1
506.8963065008899,1,280.53915663790985,1,1175.262800475283,0,473.7496034932033,1
504.5087099189145,1,283.09499680938137,1,1176.842840082761,0,477.4970519782525,1
504.6223411172518,1,284.03196069910217,1,1177.5814243656066,0,478.99551539648627,1
507.27762093833695,1,284.66872135855647,1,1176.742523706643,0,478.9655685633123,1
510.3448704396176,1,284.99479922394676,1,1175.6137224281506,0,477.8969141232815,1
512.1663062559231,1,285.00307238371636,1,1171.7179564915875,0,477.53756246610857,1
512.7201799802957,1,284.1553773928972,1,1165.215471665541,0,479.8616883817979,1
512.8861390075675,1,283.1526251620372,1,1160.1818301480328,0,482.9612030837985,1
512.1044971503011,1,281.56450497635876,1,1162.1802059621427,0,484.5958971177856,1
509.57398456389024,1,280.75188019510875,1,1168.1753826078952,0,485.18268389718037,1
507.64379465435354,1,282.33291396926774,1,1171.4675465094235,0,484.95248264913363,1
507.3316919819387,1,284.52736364932184,1,1172.9786113890434,0,484.27188659485824,1
509.1715091749312,1,285.6453852761747,1,1172.4970832264494,0,483.0231265872184,1
511.9476372189248,1,285.6052076829727,1,1171.778757613688,0,480.23510952744584,1
513.8869072265759,1,285.47123831185786,1,1169.7821356724714,0,477.55414620447004,1
514.5734744563399,1,285.1135310303111,1,1165.5200725697855,0,477.3046173884843,1
514.566545045111,1,284.230445089123,1,1159.7184156537646,0,480.01786967870606,1
514.8775161509575,1,282.24365905941886,1,1158.401426249742,0,483.01492876456706,1
513.8787441685727,1,280.253451200983,1,1163.9312707433655,0,484.63240909043594,1
511.51635028284903,1,279.3808969948767,1,1169.4771431113463,0,485.25991256240377,1
508.06939878475754,1,280.54787635619147,1,1173.19024953356,0,485.4242882789017,1
505.51639699084274,1,282.19427296033956,1,1175.7136766580966,0,485.588413144444,1
507.2012472536409,1,283.0465023955815,1,1176.9816502194028,0,484.23232880197855,1
510.7138739951218,1,284.1590009136461,1,1176.3349171968828,0,481.5810346386996,1
513.4167354623501,1,284.7017255489731,1,1173.5489229940035,0,479.35989409645293,1
514.5170126701369,1,284.80389951420426,1,1168.3034549897627,0,479.3704457136404,1
514.5807870041602,1,283.7533578138397,1,1162.6715026886363,0,482.2604486662467,1
514.4662878747037,1,281.2261101351,1,1162.363739565953,0,484.80106108755115,1
513.1783663204068,1,279.29526325507885,1,1167.573822337186,0,485.58418897408444,1
510.82991994142367,1,279.20970352132696,1,1172.7347793214317,0,486.1164026857724,1
508.813008670643,1,279.57821584136843,1,1175.515875980066,0,486.53051025284583,1
506.9161818814909,1,280.0419861716183,1,1176.9589617567456,0,486.23537134071586,1
507.3633402310309,1,281.05048490009244,1,1177.213393142718,0,484.7244167207752,1
509.40347088082603,1,282.32251636922496,1,1176.660015004766,0,482.9113450319092,1
510.84255705937977,1,283.13365661626005,1,1174.6078860502319,0,480.8405394543913,1
512.3993073048075,1,283.0982517948836,1,1171.4813376016825,0,478.43733254031474,1
513.0363676599765,1,283.0741906782761,1,1166.9541923962076,0,477.8000005651038,1
513.5745406552553,1,282.41785067078075,1,1161.8662807081882,0,479.2013992561104,1
513.7298294670348,1,281.3851462684254,1,1158.185062168746,0,481.20209237872416,1
513.4144566318967,1,280.3633263202602,1,1157.97391205105,0,483.4004054826171,1
512.4109284188422,1,278.76224771390116,1,1162.5233633126131,0,485.0516244538535,1
440.43778861398573,1,277.35416065669506,1,1168.1292501479445,0,485.70205670921325,1
321.3911953283057,1,277.14387744404155,1,1172.6653005490946,0,485.82959969829403,1
240.22406358659273,1,278.5476068149572,1,1175.8038688407823,0,485.2348812417396,1
184.06322646481834,1,280.9415544588916,1,1176.819471070492,0,484.30655929256227,1
146.63290900220193,1,282.7284782958716,1,1176.6716477598115,0,483.5184263100706,1
122.72105353424374,1,283.83620705670836,1,1176.2359764034768,0,481.62001779130185,1
107.47021094832564,1,284.0023637893115,1,1174.1521040995976,0,478.8098206322483,1
97.47403204960644,1,283.7419575290767,1,1170.9481144317672,0,476.32344422824235,1
89.89142803574242,1,284.0983088284953,1,1166.3124717346027,0,476.2585718109988,1
84.47522340315564,1,283.540500080769,1,1161.0390882730992,0,479.0449014611955,1
80.68914395694372,1,282.1480988074534,1,1158.4050603367846,0,481.67230289201314,1
78.1161243652981,1,280.3485054719095,1,1161.0285816374844,0,483.6151302902277,1
76.47272702872166,1,279.01883716229906,1,1167.3927387168574,0,484.6209850183926,1
74.72451353134876,1,279.3951707243857,1,1172.2765042586598,0,484.7804126055506,1
73.37858747167525,1,280.93090315847763,1,1174.6457478567456,0,485.04600497961405,1
72.62173628838002,1,282.56124265394806,1,1175.864806732542,0,484.8071805281453,1
72.84396766955406,1,283.6158890356823,1,1176.134594753873,0,483.7538182445523,1
74.6260111737418,1,284.4392913954837,1,1175.4240476681125,0,481.77999014997556,1
75.83708793918778,1,285.2122049967544,1,1174.0472648435725,0,479.23302861886464,1
76.1866152084082,1,285.4708153832409,1,1171.1003394296367,0,477.29245304788054,1
76.89767444114706,1,285.00657892924823,1,1167.0863451119476,0,476.23571353289117,1
77.01261657304566,1,284.2644251200155,1,1162.2354338891357,0,477.14242234542326,1
76.56459735635431,1,283.120069318612,1,1157.7655174017254,0,479.8028116702212,1
75.5235360513494,1,281.64904470394185,1,1157.3535787929864,0,482.0301332842362,1
74.44773706579731,1,279.5826895880638,1,1161.5431004397724,0,483.9107269533928,1
73.97969101998093,1,277.96506529376336,1,1167.5748003776941,0,484.5597968676282,1
72.76717931504375,1,278.6256950231414,1,1171.841548972704,0,484.10984759496773,1
71.20656891502696,1,280.56796449007425,1,1173.8473362928155,0,483.75164694065734,1
70.61949858775222,1,282.90124526816265,1,1175.3222062336954,0,483.4033835187675,1
71.32540676134852,1,284.4336105455641,1,1175.5423696985924,0,482.43289189670713,1
72.64695617937197,1,284.35502686095043,1,1174.3511502517508,0,479.88640116038465,1
73.17678744118997,1,284.1949567101122,1,1172.200754978092,0,476.530937069061,1
73.16856704405075,1,283.9261760174403,1,1167.6107137624135,0,475.456111630634,1
72.79468673948419,1,283.21018926482634,1,1162.4241895067942,0,478.08022849373725,1
72.11969057287706,1,282.2969459526506,1,1159.40224357427,0,481.6981078152623,1
72.02925690072159,1,280.2363326342359,1,1161.4827936094152,0,483.68508244467813,1
71.49427767654807,1,277.92929005345525,1,1167.7572896120478,0,484.24920347367487,1
70.39411835045826,1,277.85472941840425,1,1172.5242530470314,0,484.52774986776046,1
69.33076973872984,1,280.1506809438697,1,1174.702381055191,0,484.5598046113501,1
68.81857157801107,1,282.4043300126124,1,1175.6239524588755,0,484.8436646581451,1
69.62797626495178,1,283.93590991972985,1,1175.3563573597623,0,483.7786128593001,1
70.59895480182038,1,284.8167746064447,1,1174.5040784616124,0,481.01061364100394,1
71.41667198233517,1,285.0954162112116,1,1172.9751062583064,0,478.2908393144853,1
72.18284613402489,1,285.2314487064238,1,1169.2543316737688,0,476.2852352963523,1
72.4404711427484,1,284.7372406569085,1,1164.26748194721,0,476.9664168214303,1
73.03646021030059,1,283.33473007870964,1,1159.2582341401248,0,479.89285883055675,1
73.28365421375017,1,281.42160178079234,1,1158.1445553321385,0,482.14374446301053,1
72.76767320210598,1,280.0147751107529,1,1161.9689112176484,0,483.6734463388261,1
72.15394556182778,1,278.47203997253257,1,1166.9144179182153,0,485.0799376339024,1
70.84242864529435,1,278.11691758463434,1,1170.8899371016473,0,485.5116378319333,1
70.05634852672415,1,279.9555376459278,1,1173.1447524261794,0,485.59536077207395,1
69.62735525604978,1,281.8983842516191,1,1174.6771249207313,0,484.86603195303934,1
69.28319804034652,1,283.53873684117144,1,1175.1039724383022,0,483.5841531584691,1
70.94339079886123,1,284.22686174593196,1,1174.7236367424505,0,481.71710088608376,1
72.17688457545376,1,284.2145203767205,1,1173.1243180659642,0,479.2427042037341,1
72.59425983440234,1,283.99280382465474,1,1169.8026835307815,0,477.50868908979896,1
72.93052144933675,1,283.52213121954634,1,1165.3105631380286,0,477.5882155050155,1
72.47507078645768,1,282.98893275956505,1,1160.637533386198,0,480.3678483445315,1
72.00770634910616,1,281.29326260147644,1,1160.311032759223,0,483.2003591372518,1
70.90088464318762,1,279.0742383742912,1,1165.117302449077,0,484.33910654283017,1
69.83300827812761,1,277.8328512064332,1,1170.3949071366799,0,484.79850850799954,1
69.0020527225269,1,278.5358423293918,1,1174.2609094777054,0,484.69139705464636,1
67.43768093683437,1,280.93355931450134,1,1176.0502180826752,0,484.3041133392858,1
66.6902142049955,1,282.7763771351314,1,1175.981258112093,0,484.04091532632674,1
67.76063748262669,1,283.8154267684819,1,1175.9343929160855,0,482.60408287007294,1
69.48775153221115,1,284.3082355417573,1,1174.8410429866235,0,480.15998793171485,1
70.76672501821466,1,284.21648966897595,1,1172.7571598369757,0,477.7127540824524,1
71.0045547318671,1,284.52746554954564,1,1168.6592677733038,0,477.04550140208914,1
70.95573024945344,1,283.9388196671696,1,1162.5781024219345,0,478.9507172679771,1
70.97516252015808,1,282.3654644589838,1,1158.5012108882102,0,481.34621967125054,1
70.72530174656413,1,280.2295654717525,1,1159.5296092583833,0,483.28869387617686,1
70.45026958692375,1,278.08468810799377,1,1164.9214576723025,0,484.3467237027934,1
69.31631673007882,1,277.8003409181064,1,1169.8707319529215,0,485.065760772962,1
67.80909492322554,1,278.99373939193157,1,1172.8431796805678,0,485.60683349445884,1
67.52137442862953,1,280.9780844612663,1,1174.751518278144,0,485.29314984405437,1
67.22061280259615,1,282.5933070673232,1,1175.0427932858674,0,484.5034040205263,1
67.48973570212053,1,283.6376800110121,1,1174.6820593904558,0,482.81355992943037,1
68.14615212521397,1,284.88075925741714,1,1174.2134308788698,0,480.30234854125416,1
68.1187322257716,1,286.8988673797971,1,1171.436739623489,0,478.0715779957468,1
67.6265771615339,1,287.4170562295679,1,1167.0914889274256,0,476.66037659024056,1
138.42541044428378,1,285.95591783270015,1,1161.903718991738,0,477.85034438808015,1
258.4628002419409,1,284.00294606921545,1,1159.1044002513038,0,480.9128970337342,1
339.30362290308716,1,281.98238604671485,1,1161.5038530433917,0,483.36111371199274,1
393.29600498244884,1,280.1825547403242,1,1166.4866275048585,0,485.23458228097843,1
429.1474136203356,1,279.0127217238885,1,1171.269632005523,0,485.72156459130673,1
452.4597631515842,1,280.190999763253,1,1174.240819668844,0,485.3711210974722,1
468.3554492819737,1,282.271733664103,1,1176.2600388048372,0,484.97571431323144,1
480.8943994116342,1,284.05912679883255,1,1176.9618788608655,0,484.0255991907277,1
491.78347242263476,1,284.9538451368703,1,1176.1538752644226,0,482.5412588957096,1
500.393794386829,1,285.0819046649141,1,1175.32541382495,0,480.1172927587375,1
506.0875290268364,1,285.32893093833485,1,1173.2539435759004,0,477.36924767123526,1
509.27301703179694,1,285.23014829681455,1,1169.890777027334,0,474.97752494366586,1
511.3852612910152,1,285.32301263179954,1,1167.6051690409283,0,473.56177069245086,1
512.768129100627,1,285.0661291975309,1,1164.2640798032528,0,474.6962292477366,1
513.1817921745095,1,283.66490740969147,1,1160.4850277025448,0,478.3500393554745,1
511.8845159309311,1,281.4859932767653,1,1163.280154045246,0,481.4097351194063,1
509.5297121051123,1,279.68520919570426,1,1169.4815917158328,0,482.7028774314201,1
506.6140527012618,1,280.7013545884864,1,1172.9697990489046,0,483.47686668944414,1
504.47473040354606,1,282.9918971790435,1,1174.2788844102051,0,484.2649454322486,1
505.125382528137,1,283.8552295115498,1,1174.5539859920182,0,483.3853152733809,1
507.82994143698636,1,284.12195612839656,1,1174.405734392622,0,480.9005739874441,1
511.2463613400293,1,284.40988821598046,1,1173.9697719712758,0,478.7926227806392,1
513.3050933613725,1,284.92556089902695,1,1172.3885178112096,0,476.57383221134023,1
514.3359139204066,1,285.22267971503794,1,1169.190896799518,0,475.1707723976653,1
515.4047532949969,1,284.67794891097526,1,1164.838924436396,0,476.05178244965174,1
515.6050026444389,1,283.9344234808224,1,1159.8700602120398,0,478.4326312537315,1
515.3201849906959,1,282.6291385076793,1,1157.2753782320922,0,480.9417132873589,1
514.9161693574003,1,281.10207876728225,1,1159.7021652884748,0,483.1186215949047,1
513.3788789981415,1,279.2109715375099,1,1164.9269898722207,0,484.75529386654364,1
510.7557348014004,1,277.5524486884447,1,1169.036465049995,0,485.8151612137392,1
508.23645855995363,1,277.065304632869,1,1171.9968696980086,0,486.483031934283,1
506.3665182594075,1,277.64089130228575,1,1174.1763660139968,0,486.46518071847197,1
505.569227331733,1,279.8986918813807,1,1174.9312620024834,0,485.3523313313908,1
507.34237753121573,1,282.12641356697003,1,1173.8799730224093,0,483.8622270873865,1
510.1258120753731,1,283.74703790327135,1,1172.9979117143525,0,482.2205706998377,1
512.1226609694884,1,284.5284201658973,1,1171.0576203118117,0,479.532447160551,1
513.742786422694,1,284.15279778199186,1,1166.386891930681,0,477.6531832746414,1
514.5281433469747,1,283.6308631129527,1,1160.9779273602219,0,478.21056503913724,1
514.0096041336567,1,283.00949461493656,1,1156.9109159646755,0,480.4238911876486,1
513.7098182732387,1,281.68056281409883,1,1156.1023703875744,0,482.7142945673313,1
513.6113105804045,1,279.8174386532761,1,1158.9049891573404,0,483.95636193250186,1
512.0711898616715,1,278.1246007584817,1,1163.9382814609733,0,484.85288604248206,1
510.0774828200672,1,276.81415110701715,1,1168.81148632624,0,412.5003048021069,1
507.6702917355336,1,277.20354566917973,1,1171.8998425964105,0,289.9483105367479,1
505.6134575628609,1,278.7481543589233,1,1173.7193473222883,0,206.29506933373796,1
503.95256611434775,1,280.54452317589676,1,1175.2352249293249,0,221.88203435158732,1
502.56075734117337,1,282.67198519349796,1,1176.3771522291993,0,232.47493577771772,1
503.1932857675129,1,283.9578113624975,1,1176.6503900705995,0,166.97408820444963,1
506.4642750895133,1,284.24500309368807,1,1176.1656612388222,0,122.14522142199489,1
509.84473398970994,1,284.54684327297997,1,1174.8864760606232,0,91.26020252775638,1
511.563346579801,1,284.7519738588267,1,1170.441561713291,0,69.79900752973931,1
512.5208621402151,1,283.77140147783257,1,1164.0686915788801,0,56.000206338241206,1
512.6454558255427,1,281.98502536057333,1,1160.5757156215254,0,47.356352849043084,1
511.73047530398514,1,279.75768970292313,1,1163.1741802377871,0,41.42957488917376,1
509.9511599845695,1,277.7640013354973,1,1168.5156768912266,0,37.40173658764657,1
507.6896695144353,1,277.84906388445484,1,1172.2016264559702,0,33.93060587738468,1
505.2583329787318,1,279.7735042712858,1,1174.0920449504433,0,31.04747416058784,1
505.5526920603273,1,281.5613450126628,1,1174.6504836514282,0,28.878437331411565,1
508.43602132878067,1,282.7230292411152,1,1174.527182641023,0,99.42274661283598,1
510.81643901124534,1,283.2991804852218,1,1172.934939419568,0,219.59270642546574,1
512.6446244240602,1,283.1040771374552,1,1170.1209293152192,0,300.57881444219527,1
513.0978583963147,1,282.8648202235381,1,1165.3033692168683,0,356.40320037951886,1
512.8271289253762,1,281.7955714552541,1,1159.9622231285844,0,397.22428513608975,1
512.6957545658794,1,280.74891595600377,1,1159.2934075174883,0,426.48633306635355,1
512.0277252726828,1,279.50428548483916,1,1163.2524871144064,0,446.4776510969814,1
510.4688513970142,1,277.75178484704963,1,1168.2895520492468,0,459.2775239014418,1
507.83103904252096,1,278.2674202740051,1,1172.271425769625,0,467.45216617325025,1
505.45963448792463,1,280.5378103281108,1,1174.5305596374653,0,472.74557741811986,1
505.16336267644516,1,282.8274201603049,1,1175.1719719889927,0,475.92365867125096,1
507.8031393568237,1,284.0634449659395,1,1175.4402705058926,0,476.93034986145256,1
511.5438269800685,1,284.2101270118124,1,1175.1756586654492,0,475.93721307878445,1
513.6124777882491,1,284.4698091483499,1,1172.7610908960414,0,474.05672936324663,1
514.492198987959,1,284.69962146772815,1,1167.991518052252,0,474.0891308454243,1
514.826990570517,1,284.16248150794127,1,1162.7388525412346,0,477.3084737379396,1
514.6336078183997,1,283.15745311862116,1,1158.6663251083523,0,481.2784535404427,1
514.7652518448256,1,281.19445967994136,1,1160.6474527855812,0,483.8716215570032,1
513.2763154565957,1,279.00709190881594,1,1167.7482763788307,0,484.5856359688521,1
510.47557906275404,1,278.6938682380822,1,1172.9650751662655,0,485.17571042036514,1
507.7303843862518,1,280.7209596857228,1,1175.7282534752812,0,485.5767250176134,1
506.02259025095975,1,282.95188846373793,1,1177.1591619415597,0,485.2726881231902,1
506.2825348583453,1,284.1480336249526,1,1177.628791383648,0,484.0177620775345,1
508.1954350489723,1,285.1209308946763,1,1177.1657934055663,0,482.16902689331147,1
511.12645707606424,1,285.5687825216309,1,1176.1807187108693,0,479.70707850407695,1
512.960539478817,1,285.713145469147,1,1173.4999981419749,0,476.6187299062754,1
513.7860747681041,1,285.2245987950174,1,1168.828890050985,0,475.6206059000255,1
514.3997219396565,1,284.1992620632426,1,1163.6431411859699,0,440.2434656853689,1
514.5536896126788,1,283.07578450522914,1,1161.0686697214285,0,342.9248113983088,1
513.7112850421113,1,281.13895769028017,1,1163.7326656003454,0,239.36265211707874,1
511.92867895003553,1,279.12936977480445,1,1169.1745657389515,0,243.4637064247708,1
509.2440449591779,1,279.20362699090725,1,1173.4874339028752,0,320.99475633054584,1
506.6829802536496,1,281.44071810985463,1,1176.0832484726811,0,373.26553681762823,1
505.73168151406696,1,283.97435968265205,1,1177.0652059073964,0,408.2121928219363,1
507.5580081714359,1,285.2162314410385,1,1176.279964764311,0,431.43778895636115,1
510.7984885479964,1,285.31355473661415,1,1175.2993673709418,0,445.96394100266946,1
512.8954922340009,1,285.5396926664496,1,1172.7334264541619,0,454.7351962325246,1
514.6889096616804,1,285.6400436641784,1,1170.5426654945898,0,460.4864807722929,1
515.6972625897196,1,285.334915826523,1,1169.6683771761914,0,464.8667899030121,1
516.0668589058971,1,283.90090714214193,1,1166.05731512544,0,470.3071590329323,1
515.3183821722652,1,281.69971103432607,1,1162.9328160869568,0,475.8389633949861,1
512.0738211585348,1,279.83045178374255,1,1165.2788816656887,0,478.9693960961144,1
508.81654971454435,1,279.6800823241816,1,1170.0577688597607,0,480.7823473881395,1
506.6555214301614,1,281.391190778636,1,1173.5289743531162,0,481.80476857175864,1
506.08131422029516,1,283.6207068720314,1,1174.7706368250792,0,481.9754547220433,1
507.164257891153,1,285.2425506878777,1,1174.8323124941005,0,481.61971687228413,1
509.26817452264504,1,285.70476767247794,1,1174.6507535225032,0,479.80550357127925,1
511.6976506555133,1,285.6455639595004,1,1171.9574178483667,0,476.89528009638724,1
513.2961092464576,1,285.44533209799863,1,1167.221868092788,0,475.96579479505635,1
514.6981020385812,1,284.7759311310479,1,1162.6627459413112,0,477.0638158284113,1
515.4930561732494,1,282.5077066947362,1,1161.6314987726118,0,479.225239395157,1
514.2444517787693,1,280.11290393762016,1,1165.6236120783135,0,481.7948605519334,1
511.76488517473865,1,279.33871341408275,1,1170.4596529653786,0,483.2266843184169,1
508.97489054262724,1,280.6258730734587,1,1173.7462263522282,0,483.990091235678,1
507.49971730226804,1,280.1673182932853,1,1176.70607133379,0,484.82339334831033,1
509.39092596053285,1,279.1623640526431,1,1177.8236869582024,0,483.8172516057467,1
512.6755001449022,1,280.3993613686495,1,1176.3484809739105,0,480.5127212469862,1
514.4867896489759,1,281.4533541021571,1,1173.5581409368715,0,477.1138295857462,1
514.8759277726971,1,282.1696475638488,1,1168.7007985771984,0,476.7433025713481,1
514.9299324857661,1,281.9631201883782,1,1163.388484903186,0,478.85017319982603,1
514.3352734213323,1,280.54278803871046,1,1161.901237214838,0,481.22547479392483,1
513.1419422868486,1,278.24422182511097,1,1165.9186632017825,0,483.3114659147669,1
511.48914022460605,1,276.3621221900243,1,1171.218854099549,0,484.46702983743967,1
508.997947830329,1,277.64299956861515,1,1174.4856531992746,0,485.3571813365087,1
507.67322720184904,1,280.3801157136649,1,1175.811874842391,0,484.80899546584976,1
509.56145667724115,1,281.9202658095163,1,1175.5958062897316,0,483.17848526150306,1
512.3178723194005,1,283.0202841540443,1,1175.281360784146,0,480.3931064110999,1
513.7702252781884,1,284.14118299669735,1,1172.6094522996434,0,478.08084191548363,1
514.5994041821217,1,284.7962811713896,1,1167.6649907058757,0,477.6101446650788,1
514.3737133309404,1,283.8015127274503,1,1165.4779718271384,0,479.544109343946,1
513.37851960523,1,281.57883025071425,1,1168.9080964349623,0,482.6405461124538,1
511.3868512254133,1,280.6016186333985,1,1174.200236388941,0,484.11590299700833,1
508.71797867066573,1,282.3907932300917,1,1176.4000637250133,0,484.75164963547957,1
508.9035216626719,1,283.98004266171625,1,1176.889434479419,0,483.8733248357275,1
511.1867656271108,1,284.26011148463715,1,1176.1046420627915,0,481.3894706718457,1
513.1593653369671,1,284.02378754159486,1,1172.6661383050164,0,479.229707224579,1
514.4999440997855,1,283.7565171111285,1,1167.2565670025988,0,479.49163122995606,1
514.3587336479376,1,283.09488907209686,1,1165.9825652253164,0,482.34280634313484,1
512.2634582446492,1,281.8985939053472,1,1170.1449131334214,0,484.96186162198484,1
509.1558806340796,1,282.1522384977724,1,1174.258618870289,0,485.9031295317268,1
507.4122646126072,1,283.92458554440685,1,1176.3838720202714,0,485.8090034026433,1
509.2788797236865,1,284.91574323975,1,1176.5432199624797,0,483.85809065534795,1
512.3362865775766,1,284.8426812580814,1,1175.5900124817495,0,480.17356956482314,1
513.4144458853741,1,285.113022371664,1,1171.6459747729473,0,478.2461354464157,1
513.7262558393295,1,284.6034257804183,1,1165.6135004020814,0,480.0287438075528,1
513.3594146055551,1,283.03046013109724,1,1162.6870680400284,0,482.76024317947986,1
512.4261352466934,1,280.89482588807044,1,1166.2292400743177,0,484.30207938097976,1
